ATLAS CENTAUR 2
1 00694U 63047A   26223.82820279  .00000589  00000+0  60266-4 0  9997
2 00694  30.3552  48.2043 0545552   8.2289 352.6854 14.12598940153572
THOR AGENA D R/B
1 00733U 64002A   26223.76420198  .00000062  00000+0  39363-4 0  9992
2 00733  99.1156 245.4939 0033129 165.2103 195.0057 14.34085080260523
SL-3 R/B
1 00877U 64053B   26223.75889293 -.00000021  00000+0  20307-4 0  9995
2 00877  65.0748 236.5676 0079095 243.6203 115.6762 14.61450813289458
SL-8 R/B
1 02802U 67045B   26223.86016178  .00000082  00000+0  30461-4 0  9993
2 02802  74.0096  58.2739 0063714  27.4914 332.9589 14.45706731111440
SL-8 R/B
1 03230U 68040B   26223.79402500  .00001621  00000+0  11956-3 0  9992
2 03230  74.0311 356.5409 0023401 136.7359 223.5673 15.04070107113325
OAO 2
1 03597U 68110A   26223.79442104  .00000084  00000+0  27683-4 0  9997
2 03597  34.9929 119.1835 0005425 353.8305   6.2318 14.47370042 41583
ISIS 1
1 03669U 69009A   26223.78112292  .00000088  00000+0  47389-4 0  9995
2 03669  88.4452 138.2987 1707357 135.9731 239.0787 11.30440417366055
SERT 2
1 04327U 70009A   26223.85122794  .00000001  00000+0  58222-4 0  9998
2 04327  99.2842 158.5779 0005592 122.2920 305.0056 13.58743008800964
SL-3 R/B
1 05118U 71028B   26223.80083802  .00040470  00000+0  26819-3 0  9990
2 05118  81.2277 218.4588 0014588  93.5508 266.7421 15.75170224 12988
ASTEX 1
1 05560U 71089A   26223.86794338  .00000191  00000+0  48677-4 0  9990
2 05560  92.7039 201.7952 0013163 282.7346  77.2388 14.50890330884806
SL-8 R/B
1 05730U 71119B   26223.46698088  .00003301  00000+0  17054-3 0  9994
2 05730  73.8832 245.8046 0540792 180.6002 179.4582 14.40051467677751
OAO 3 (COPERNICUS)
1 06153U 72065A   26223.90151855  .00000112  00000+0  27172-4 0  9990
2 06153  35.0051 132.9398 0006656 344.4448  82.8438 14.60086627868892
ATLAS CENTAUR R/B
1 06155U 72065B   26223.80685725  .00000391  00000+0  56077-4 0  9994
2 06155  35.0011 116.4476 0034214 236.9188 122.8225 14.78001001864225
SL-8 R/B
1 08459U 75112B   26223.82524052  .00000069  00000+0  31206-4 0  9995
2 08459  74.0596  93.5186 0015140 148.8109 211.3947 14.38267081654173
SL-3 R/B
1 10114U 77057B   26223.79422325  .00006216  00000+0  11697-3 0  9993
2 10114  97.5862  43.0825 0008227  84.2759 275.9429 15.48912435692313
SEASAT 1
1 10967U 78064A   26223.57354523 -.00000018  00000+0  33525-4 0  9998
2 10967 108.0145  90.5593 0001269 296.0457  64.0558 14.46271915528908
SL-14 R/B
1 11267U 79011B   26223.77167867  .00000221  00000+0  19240-4 0  9993
2 11267  82.5260 309.4091 0014410 258.0815 101.8789 14.92058251551908
SL-8 R/B
1 11574U 79089B   26223.82867032  .00000111  00000+0  41467-4 0  9990
2 11574  74.0694 163.8542 0016770 294.2630  65.6774 14.42425486458479
SL-14 R/B
1 11672U 80005B   26223.88705112  .00000259  00000+0  23568-4 0  9990
2 11672  82.5167 160.0081 0015992  11.8792 348.2801 14.91072710499615
SL-8 R/B
1 12139U 81003B   26223.82626484  .00013807  00000+0  32591-3 0  9994
2 12139  82.9391 146.0167 0244114 357.3769   2.6162 15.16230525338147
SL-3 R/B
1 12465U 81046B   26223.83143608  .00005864  00000+0  12188-3 0  9990
2 12465  81.2298 102.9817 0016842 192.8945 167.1872 15.45287237462364
SL-3 R/B
1 12904U 81103B   26223.85246355  .00002102  00000+0  88947-4 0  9996
2 12904  81.1571  31.2051 0013665 120.7562 239.5018 15.22669392996835
SL-3 R/B
1 13068U 82013B   26223.80669023  .00001809  00000+0  75022-4 0  9998
2 13068  81.1762 338.7554 0021977  18.5793 341.6237 15.23126499427954
SL-3 R/B
1 13154U 82039B   26223.87130060  .00001090  00000+0  63527-4 0  9992
2 13154  81.1514  36.7594 0030284 167.4766 192.7220 15.10800059405061
SL-3 R/B
1 13403U 82079B   26223.85134167  .00002304  00000+0  87267-4 0  9999
2 13403  81.1467   9.6148 0023644   2.2666 357.8671 15.26231607401352
SL-14 R/B
1 13553U 82092B   26223.85576462  .00000222  00000+0  21985-4 0  9990
2 13553  82.5701 356.2062 0021238 142.9375 333.6498 14.86783004351986
SL-3 R/B
1 13819U 83010B   26223.83940025  .00007512  00000+0  13045-3 0  9990
2 13819  81.1023 171.3535 0013335 214.8873 145.1501 15.50554194381954
SL-3 R/B
1 14208U 83075B   26223.84887980  .00005666  00000+0  13649-3 0  9993
2 14208  97.6115 234.6700 0021221  38.2851 321.9897 15.41462249354035
COSMOS 1536
1 14699U 84013A   26223.79205080  .00003338  00000+0  12955-3 0  9992
2 14699  82.5468 313.4444 0015478  97.3328 262.9670 15.25631186296258
SL-14 R/B
1 14820U 84027B   26223.76458985  .00000180  00000+0  17687-4 0  9994
2 14820  82.5405  99.5983 0017967 174.9385 185.2016 14.86093320270661
SL-8 R/B
1 15483U 85006B   26223.76405639  .00000082  00000+0  35877-4 0  9998
2 15483  74.0478 335.7871 0018848 214.9147 297.4265 14.37856245176312
SL-12 R/B(2)
1 15772U 85042D   26223.87709198 -.00000039  00000+0  40822-5 0  9998
2 15772  71.1079 119.8588 0037068 245.5188 186.9484 14.22015837136458
SL-14 R/B
1 15945U 85069B   26223.56722770  .00000205  00000+0  20251-4 0  9993
2 15945  82.5236 239.2788 0019804  43.0538 317.2224 14.86549532195841
SL-16 R/B
1 16182U 85097B   26223.83126399  .00000238  00000+0  14296-3 0  9990
2 16182  71.0026 173.9294 0007088   3.0713  17.6011 14.16617588109203
SL-14 R/B
1 16496U 86006B   26223.77013400  .00000287  00000+0  27365-4 0  9996
2 16496  82.5270 113.8113 0077657 117.8878 243.0232 14.86987646172254
COSMOS 1743
1 16719U 86034A   26223.54746720  .00030109  00000+0  22683-3 0  9991
2 16719  82.5238 269.6367 0004933 100.8739 259.3080 15.72330572204479
SL-14 R/B
1 16792U 86046B   26223.71706981  .00000187  00000+0  18560-4 0  9992
2 16792  82.4824 293.7111 0024601  76.7115 283.6842 14.85707512149422
SL-14 R/B
1 16882U 86055B   26223.85270141  .00000206  00000+0  20830-4 0  9996
2 16882  82.5233 340.7959 0019003 174.1242 303.7358 14.85757834142403
SL-14 R/B
1 17567U 87024B   26223.69413440  .00000195  00000+0  19260-4 0  9999
2 17567  82.5300 307.0840 0019749 106.2565 254.0826 14.86249407111154
COSMOS 1833
1 17589U 87027A   26223.81925867 -.00000205  00000+0 -83826-4 0  9994
2 17589  70.9229 359.9385 0026309 326.4266  33.5187 14.13065277 32235
SL-16 R/B
1 17590U 87027B   26223.69518299  .00000136  00000+0  91238-4 0  9996
2 17590  71.0043 309.8577 0007160 252.9141 107.1199 14.17178120 37309
SL-14 R/B
1 17912U 87038B   26223.83628765  .00000194  00000+0  19591-4 0  9998
2 17912  82.5038 150.6597 0019671  16.5434 343.6419 14.85479167102261
COSMOS 1844
1 17973U 87041A   26223.82939279  .00000032  00000+0  41602-4 0  9992
2 17973  70.8957  66.9393 0029979 153.0604 207.2082 14.14576384 25524
SL-14 R/B
1 18153U 87055B   26223.65108204  .00000178  00000+0  17627-4 0  9996
2 18153  82.4985 202.9389 0019553 217.5539 142.4313 14.85741316 92946
COSMOS 1867
1 18187U 87060A   26223.74242161 -.00000054  00000+0  17315-4 0  9998
2 18187  65.0084 232.4716 0017819 281.7251  78.1834 14.31520918 42132
SL-14 R/B
1 18749U 88001B   26223.79168772  .00000210  00000+0  21385-4 0  9993
2 18749  82.5106  49.4481 0019586  85.9677 274.3778 14.85641510 65053
COSMOS 1933
1 18958U 88020A   26223.70590898  .00001617  00000+0  75696-4 0  9991
2 18958  82.5113  97.4433 0005067  39.0139 321.1460 15.19038569 73752
SL-3 R/B
1 19046U 88032B   26223.89877147  .00002397  00000+0  10964-3 0  9990
2 19046  97.5303 206.9118 0026842  55.0013 305.3736 15.21223020 75694
SL-16 R/B
1 19120U 88039B   26223.85631214 -.00000014  00000+0  16221-4 0  9997
2 19120  71.0140 100.4476 0019675 103.1079 257.2244 14.19633756980401
COSMOS 1953
1 19210U 88050A   26223.85958433  .00004208  00000+0  14076-3 0  9998
2 19210  82.5088   1.8568 0009262 298.1866  61.8439 15.30655730 61501
SL-8 R/B
1 19257U 88053B   26223.90149105  .00000023  00000+0  16027-4 0  9996
2 19257  74.0469 186.3540 0020778 325.4621  97.4181 14.38984577998923
COSMOS 1975
1 19573U 88093A   26223.75787448  .00003158  00000+0  10753-3 0  9993
2 19573  82.5220 321.7805 0010429 350.1899   9.9136 15.29971904 43106
SL-14 R/B
1 19574U 88093B   26223.85518705  .00000183  00000+0  18190-4 0  9992
2 19574  82.5281 256.3819 0019209 242.5260 290.5353 14.85773269 24050
SL-16 R/B
1 19650U 88102B   26223.87692472 -.00000090  00000+0 -21386-4 0  9994
2 19650  70.9984 184.9594 0012747 141.4233 218.7803 14.16168178948866
INTERCOSMOS 24
1 20261U 89080A   26223.84733623  .00000166  00000+0  48582-4 0  9990
2 20261  82.6099   3.4103 1186128 292.7216  55.2853 12.59702251686332
SL-14 R/B
1 20262U 89080C   26223.84621784  .00000191  00000+0  52920-4 0  9994
2 20262  82.5887  73.5384 1229533 190.0562 167.3720 12.50584807679547
DELTA 1 R/B
1 20323U 89089B   26223.53457759  .00000126  00000+0  39870-4 0  9993
2 20323  97.0646  46.2397 0068901 354.5857   5.4588 14.50760717918181
ARIANE 40 R/B
1 20443U 90005H   26223.77386021  .00000083  00000+0  39773-4 0  9999
2 20443  98.2920 279.6502 0011426  97.9228 262.3258 14.39951611915123
DELTA 2 R/B(1)
1 20453U 90008B   26223.37365568  .00092657  00000+0  43653-3 0  9991
2 20453  35.5961 223.6567 0048536 274.0118  85.5078 15.80004089950401
COSMOS 2058
1 20465U 90010A   26223.58810694  .00001065  00000+0  59776-4 0  9992
2 20465  82.4640 254.7083 0010376 150.6074 209.5742 15.12269613965647
SL-14 R/B
1 20466U 90010B   26223.80788301  .00000180  00000+0  18763-4 0  9995
2 20466  82.5031 121.7145 0020609 144.8444 215.4136 14.83677086951485
SL-14 R/B
1 20511U 90018B   26223.70493991  .00000164  00000+0  17568-4 0  9995
2 20511  82.5186  78.2095 0014869 305.1109  54.8710 14.82247533945540
SL-16 R/B
1 20625U 90046B   26223.72346941 -.00000263  00000+0 -11113-3 0  9997
2 20625  71.0010 332.3085 0012107  64.7961 295.4416 14.15027009870324
COSMOS 2084
1 20663U 90055A   26223.82856259  .00000973  00000+0  79675-4 0  9992
2 20663  62.7885 166.1474 0011837 336.7061  23.3502 15.06312236959681
SL-6 R/B(2)
1 20666U 90055D   26223.89523142  .00000780  00000+0  69310-4 0  9995
2 20666  62.7811  85.7796 0049334  12.6689 347.5637 15.04190261961532
SL-8 R/B
1 20775U 90078B   26223.80703765  .00006304  00000+0  17626-3 0  9993
2 20775  82.9019 111.3006 0342508 209.4886 148.6634 14.94014621832426
SL-8 R/B
1 21088U 91006B   26223.63045161  .00000138  00000+0  12344-3 0  9994
2 21088  82.9391  54.7748 0021601 324.0551 100.7890 13.77514853785401
OKEAN-3
1 21397U 91039A   26223.83862041  .00001847  00000+0  12614-3 0  9997
2 21397  82.5170 186.4057 0014498 154.0810 206.1146 15.05541380888379
COSMOS 2151
1 21422U 91042A   26223.80893708  .00000846  00000+0  64825-4 0  9991
2 21422  82.4968 294.0042 0010746 252.0742 107.9311 15.00575666886455
SL-14 R/B
1 21423U 91042B   26223.65586816  .00000174  00000+0  18972-4 0  9990
2 21423  82.4901  74.8717 0018547  91.7113 268.6225 14.81930802876029
ERS-1
1 21574U 91050A   26223.77037052  .00000133  00000+0  56999-4 0  9998
2 21574  98.7797 245.8252 0033072 101.8031 258.6869 14.39547923838049
ARIANE 40 R/B
1 21610U 91050F   26223.73058933  .00000129  00000+0  50861-4 0  9993
2 21610  98.1841 269.9739 0002453 349.4050  10.7089 14.42985595841355
INTERCOSMOS 25
1 21819U 91086A   26223.49778683  .00000291  00000+0  50480-4 0  9994
2 21819  82.6007 216.3414 1485581 143.0458 228.2932 12.12277367515449
SL-8 R/B
1 21876U 92008B   26223.89995361  .00000059  00000+0  44712-4 0  9993
2 21876  82.9299 152.3711 0036085  62.0347   2.5666 13.75988162730767
SL-8 R/B
1 21938U 92020B   26223.85544512  .00000144  00000+0  13402-3 0  9996
2 21938  82.9285  38.4944 0028103 222.6668 250.0840 13.75553746722463
USA 81
1 21949U 92023A   26223.88016573  .00000096  00000+0  28102-4 0  9995
2 21949  85.0048  41.8481 0001156  97.5454 262.5870 14.32410662117003
COSMOS 2219
1 22219U 92076A   26223.86083852  .00000180  00000+0  11903-3 0  9990
2 22219  71.0585  53.6850 0019137 318.4789  41.4879 14.14102814740316
SL-16 R/B
1 22220U 92076B   26223.75424781 -.00000153  00000+0 -52186-4 0  9991
2 22220  70.9979 221.7251 0014376 226.1536 306.2565 14.16879725743794
COSMOS 2221
1 22236U 92080A   26223.83314337  .00000785  00000+0  66357-4 0  9991
2 22236  82.5051 130.4531 0015287  36.2033 324.0221 14.96674648803993
SL-16 R/B
1 22285U 92093B   26223.85919554 -.00000058  00000+0 -51987-5 0  9992
2 22285  71.0218  38.5155 0002351  49.3597 310.7730 14.15471053735114
COSMOS 2228
1 22286U 92094A   26223.80897385  .00000771  00000+0  63245-4 0  9995
2 22286  82.5159  88.7570 0018732 135.6155 224.6573 14.97744723799275
SL-16 R/B
1 22566U 93016B   26223.49176403 -.00000216  00000+0 -86374-4 0  9991
2 22566  71.0035 250.0492 0007996  87.0086 273.1951 14.15314564724073
COSMOS 2242
1 22626U 93024A   26223.79401154  .00000795  00000+0  66499-4 0  9990
2 22626  82.5191 118.3418 0017084 138.5749 221.6772 14.97053895803592
SL-16 R/B
1 22803U 93059B   26223.82477402  .00000247  00000+0  14589-3 0  9992
2 22803  70.9897  43.9700 0018212 327.7512  32.2496 14.17253391701517
ARIANE 40 R/B
1 22830U 93061H   26223.78827851  .00000057  00000+0  36546-4 0  9994
2 22830  98.4782 289.4802 0010796 178.5703 181.5514 14.32927492716318
COSMOS 2278
1 23087U 94023A   26223.41061296 -.00000103  00000+0 -28993-4 0  9992
2 23087  71.0523 211.3816 0007761 167.4855 192.6462 14.14405315666689
SL-16 R/B
1 23088U 94023B   26223.88252384 -.00000284  00000+0 -12199-3 0  9994
2 23088  70.9992 104.9682 0001742  18.7832 341.3354 14.15029691668047
SL-16 R/B
1 23343U 94074B   26223.68267935  .00000177  00000+0  30254-4 0  9992
2 23343  97.6982 248.0874 0008094  79.2498  38.1486 14.79543709710165
SL-16 R/B
1 23405U 94077B   26223.87430919 -.00000286  00000+0 -12172-3 0  9990
2 23405  70.9830  26.0022 0004821 280.9185  79.1395 14.15578301638199
ARIANE 40+ R/B
1 23561U 95021B   26223.79659318  .00000103  00000+0  46710-4 0  9992
2 23561  98.4377 293.0588 0007472  45.7160  65.4300 14.39859576641562
SL-16 R/B
1 23705U 95058B   26223.39408764 -.00000126  00000+0 -40216-4 0  9997
2 23705  71.0187 215.4478 0014656 247.4795 112.4777 14.15511380589745
SL-16 R/B
1 24298U 96051B   26223.41190571  .00000083  00000+0  71429-4 0  9996
2 24298  70.7633 207.7806 0019129 263.9229  95.9711 14.12466999543496
ORBVIEW 2 (SEASTAR)
1 24883U 97037A   26223.70912850  .00000082  00000+0  44646-4 0  9995
2 24883  98.8745  32.2846 0001755 354.8758   5.2409 14.35577946530718
SL-16 R/B
1 25400U 98043G   26223.86123137 -.00000002  00000+0  18363-4 0  9998
2 25400  98.8404 178.5107 0008768 287.1122  72.9097 14.26076466461105
SL-16 R/B
1 25407U 98045B   26223.39974683 -.00000197  00000+0 -75173-4 0  9993
2 25407  71.0087 216.2143 0006577 166.5520 193.5780 14.16207509449007
CZ-4B R/B
1 25732U 99025C   26223.73884272  .00000019  00000+0  29820-4 0  9994
2 25732  98.6454 264.1704 0035957 258.4000 211.1183 14.18291213410148
OKEAN-O
1 25860U 99039A   26223.76809051  .00000235  00000+0  37450-4 0  9994
2 25860  97.9274 281.9166 0001451 113.8779 246.2585 14.80523154457338
SL-16 R/B
1 25861U 99039B   26223.73839573  .00000217  00000+0  34232-4 0  9999
2 25861  97.9796 282.4312 0016117 112.3358 247.9565 14.81894040459827
DELTA 2 R/B
1 25876U 99041E   26223.80756684  .00000885  00000+0  18174-3 0  9994
2 25876  51.7617  41.5449 0501391  86.2739 279.5358 14.12178324384948
HELIOS 1B
1 25977U 99064A   26223.72045860  .00000549  00000+0  66005-4 0  9993
2 25977  98.1549 130.4549 0000459  63.4835 296.6428 14.88133680708319
SL-16 R/B
1 26070U 00006B   26223.87906389 -.00000229  00000+0 -91702-4 0  9993
2 26070  71.0024 131.5258 0018458 301.2913  58.6402 14.15841970370523
TITAN 4B R/B
1 26474U 00047B   26223.75481138  .00001491  00000+0  96766-4 0  9998
2 26474  67.9888 324.1282 0044772 231.0981 128.6173 15.10467244416329
ENVISAT
1 27386U 02009A   26223.86248795  .00000014  00000+0  18441-4 0  9997
2 27386  98.3868 173.9490 0001186  83.9254 283.8716 14.39076005281494
IDEFIX & ARIANE 42P R/B
1 27422U 02021B   26223.85312831  .00000077  00000+0  45592-4 0  9990
2 27422  98.5947 160.7356 0013028  90.2637 270.0039 14.31104080266210
CZ-4B R/B
1 27432U 02024C   26223.77518138  .00000008  00000+0  27103-4 0  9995
2 27432  98.8661 276.2236 0049179 303.0801 168.4122 14.14571344251164
MIDORI II (ADEOS-II)
1 27597U 02056A   26223.85880596  .00000096  00000+0  55583-4 0  9991
2 27597  98.7924 183.6047 0000183  63.2133 296.9067 14.29374840232468
H-2A R/B
1 27601U 02056E   26223.83691103  .00000109  00000+0  52560-4 0  9996
2 27601  98.3355 178.4938 0071316  59.9119 353.0397 14.33846540236349
CZ-4B R/B
1 28059U 03049C   26223.86077029  .00000156  00000+0  47308-4 0  9991
2 28059  98.6933 224.9324 0049163 117.5282 243.0922 14.55130972209166
CZ-2C R/B
1 28222U 04012C   26223.75609199  .00159279  12006-4  42627-3 0  9994
2 28222  97.6992 306.4676 0004777 114.4619 245.7154 15.94491909228701
SL-16 R/B
1 28353U 04021B   26223.81152788  .00000181  00000+0  11900-3 0  9996
2 28353  70.9984 266.9537 0005023 187.4457 172.6591 14.14611673144772
CZ-4B R/B
1 28415U 04035C   26223.81898669  .00004236  00000+0  14042-3 0  9990
2 28415  97.3345 256.2848 0031850 134.6531 225.7315 15.31330264203635
CZ-2C R/B
1 28480U 04046B   26223.72369272  .00000069  00000+0  40306-4 0  9990
2 28480  98.1878 129.0155 0140472  56.6121 304.8411 14.27041334130618
ARIANE 5 R/B
1 28499U 04049H   26223.49929061  .00000343  00000+0  44560-4 0  9996
2 28499  98.2765  37.9084 0083157 208.5764 151.0879 14.85510460168772
CZ-2D R/B
1 28738U 05024B   26223.63597389  .00042534  00000+0  27248-3 0  9997
2 28738  97.3452 246.0955 0005809 137.4464 222.7253 15.76172030164053
ALOS (DAICHI)
1 28931U 06002A   26223.83435705  .00000493  00000+0  90175-4 0  9992
2 28931  98.1363 179.2433 0001775 108.2928 251.8471 14.70152292 96279
H-2A R/B
1 28932U 06002B   26223.87031345  .00003718  00000+0  17659-3 0  9997
2 28932  98.2620  24.7886 0051011  73.3469 287.3354 15.18816697117977
CZ-4B R/B
1 29507U 06046C   26223.69070337  .00002246  00000+0  11173-3 0  9998
2 29507  97.5420 268.1277 0034090  89.9116 270.6024 15.18178216 83557
CZ-2C R/B
1 31114U 07010B   26223.85515987  .00000028  00000+0  31774-4 0  9996
2 31114  98.4129 329.4928 0058580 202.0245 157.8414 14.20287620  1736
COSMOS 2428
1 31792U 07029A   26223.78892660  .00000384  00000+0  23184-3 0  9996
2 31792  70.9381 237.7388 0008043  27.0357 333.1182 14.12957816986007
SL-16 R/B
1 31793U 07029B   26223.70119698 -.00000283  00000+0 -12168-3 0  9992
2 31793  70.9738 206.5295 0002112 267.7953 264.5425 14.14858217987297
KORONAS-FOTON
1 33504U 09003A   26223.86045162  .00006625  00000+0  13080-3 0  9997
2 33504  82.4299 114.1363 0008701 325.1200  34.9478 15.46895998969709
CZ-2C R/B
1 37731U 11030B   26223.89727652  .00000350  00000+0  50443-4 0  9994
2 37731  97.8695 178.2951 0051467 203.6592 225.5597 14.81573197813070
H-2A R/B
1 38341U 12025E   26223.87886084  .00000991  00000+0  93104-4 0  9992
2 38341  98.4877 203.6399 0044181 163.0994 197.1708 14.95923813771414
SHIJIAN-16 (SJ-16)
1 39358U 13057A   26223.86972937  .00000164  00000+0  18727-4 0  9999
2 39358  74.9708 251.2127 0014787  95.2730 265.0146 14.92722236694650
SL-4 R/B
1 39679U 14021B   26223.65166166  .00004874  00000+0  10353-3 0  9991
2 39679  51.6066 298.8439 0088829 310.0751  49.2470 15.42986691680174
ASTRO-H (HITOMI)
1 41337U 16012A   26223.73571742  .00001272  00000+0  69164-4 0  9990
2 41337  30.9989  75.3710 0009419  91.6942 268.4776 15.10734329575692
SAOCOM 1A
1 43641U 18076A   26223.83221921  .00000439  00000+0  61718-4 0  9995
2 43641  97.8894  49.7765 0001556  85.1304 275.0086 14.82165800424341
H-2A R/B
1 43682U 18084L   26223.71932955  .00009664  00000+0  19133-3 0  9994
2 43682  98.8486 114.8185 0021223 197.9138 162.1361 15.47136801429702
SAOCOM 1B
1 46265U 20059A   26223.79597476 -.00000107  00000+0 -68197-5 0  9993
2 46265  97.8899  48.8384 0001431  83.3544 276.7832 14.82158465321720
COSMOS 2550
1 48865U 21056A   26223.77655844  .00004989  00000+0  15738-3 0  9992
2 48865  67.1425 291.7492 0008401 270.2395  89.7797 15.33829093287246
CZ-2C R/B
1 52794U 22058K   26223.51232272  .00021422  00000+0  20667-3 0  9997
2 52794  50.1822 234.7795 0029024 137.3807 222.9427 15.65863135234303
CZ-2C R/B
1 54039U 22132E   26223.55387896  .00039338  00000+0  22500-3 0  9994
2 54039  97.2882 233.3412 0010562 206.1462 153.9273 15.78694599214664
GSLV R/B
1 54149U 22138AN  26223.71900079  .00001138  00000+0  94929-4 0  9996
2 54149  87.3793 114.3323 0019325 312.8652  47.0956 14.97488240207126
XRISM
1 57800U 23137A   26223.75057352  .00002569  00000+0  13698-3 0  9996
2 57800  31.0036 359.5657 0007503 164.4164 195.6707 15.12877994161282
ACS3
1 59588U 24077B   26223.70653925  .00020826  00000+0  14050-1 0  9995
2 59588  97.1905 130.2693 0128062   3.5638 356.6412 13.96496185115787
SPACEMOBILE-003
1 61045U 24163A   26223.81685632  .00000413  00000+0  33199-4 0  9992
2 61045  52.9761  53.6353 0003020 301.9823  58.0877 15.20674138106238
SPACEMOBILE-005
1 61046U 24163B   26223.80089488  .00004414  00000+0  21278-3 0  9998
2 61046  52.9754  53.6770 0007273 291.3384  68.6833 15.20693645106224
SPACEMOBILE-001
1 61047U 24163C   26223.79890402  .00001275  00000+0  72251-4 0  9993
2 61047  52.9713  53.3778 0005365 294.2010  65.8423 15.20534987106220
SPACEMOBILE-002
1 61048U 24163D   26223.71969578  .00008139  00000+0  38178-3 0  9992
2 61048  52.9694  53.8302 0004461 278.9139  81.1349 15.20519804106212
SPACEMOBILE-004
1 61049U 24163E   26223.76596881  .00006848  00000+0  32341-3 0  9992
2 61049  52.9752  53.3692 0005784 319.0620  40.9940 15.20538334106226
CZ-8A R/B
1 66004U 25231K   26223.25318066 -.00000055  00000+0  39613-4 0  9991
2 66004  50.0029 165.0350 0116589  57.9196 303.2978 14.30169747 42821
SPACEMOBILE-006
1 67232U 25309A   26222.99465582  .00000391  00000+0  33915-4 0  9998
2 67232  52.9946  80.5510 0009558 307.2296  52.7825 15.18752475 34924
SPACEMOBILE-008
1 69589U 26139A   26223.83355059  .00000760  00000+0  59639-4 0  9999
2 69589  52.9964   9.9174 0005096 122.3196 237.8289 15.12883750  8409
SPACEMOBILE-009
1 69590U 26139B   26223.70525934  .00000396  00000+0  39297-4 0  9991
2 69590  52.9956  10.5333 0005424 119.6665 240.4866 15.12778471  8383
SPACEMOBILE-010
1 69591U 26139C   26223.71131382  .00000596  00000+0  50743-4 0  9994
2 69591  52.9960  10.5743 0005614 111.6602 248.4988 15.12621115  8394
OSCAR 7 (AO-7)
1 07530U 74089B   26223.54322633 -.00000025  00000+0  13140-3 0  9995
2 07530 101.9918 237.3680 0012440  27.3599 127.1065 12.53699027367452
PHASE 3B (AO-10)
1 14129U 83058B   26223.23500758  .00000021  00000+0  00000+0 0  9997
2 14129  25.9583 210.5274 5992722 130.7793 299.1824  2.05868819296625
UOSAT 2 (UO-11)
1 14781U 84021B   26223.86153926  .00000748  00000+0  81502-4 0  9999
2 14781  97.8109 188.8338 0007823  12.0642 348.0762 14.90914196265424
LUSAT (LO-19)
1 20442U 90005G   26223.78731455  .00000035  00000+0  29278-4 0  9990
2 20442  98.8844 247.1218 0012345  47.2145 313.0074 14.34137064910368
EYESAT A (AO-27)
1 22825U 93061C   26223.79881687  .00000025  00000+0  26375-4 0  9990
2 22825  98.6843 291.1814 0007323 301.3481  58.6984 14.30954699714956
ITAMSAT (IO-26)
1 22826U 93061D   26223.76162543  .00000027  00000+0  26926-4 0  9995
2 22826  98.6791 291.0675 0007719 281.8555  78.1762 14.31382966715265
RADIO ROSTO (RS15)
1 23439U 94085A   26223.72402753 -.00000044  00000+0 -31763-4 0  9995
2 23439  64.8132 213.3953 0157988 353.7286   6.1659 11.27584043302169
JAS-2 (FO-29)
1 24278U 96046B   26223.83425294 -.00000015  00000+0  23579-4 0  9996
2 24278  98.5199  65.0783 0349030 312.1690  45.0286 13.53276788480698
PCSAT (NO-44)
1 26931U 01043C   26223.82573459  .00000023  00000+0  39444-4 0  9999
2 26931  67.0501 100.3649 0005672 269.1311  90.9141 14.31974048298417
SAUDISAT 1C (SO-50)
1 27607U 02058C   26223.65012219  .00000477  00000+0  74113-4 0  9995
2 27607  64.5533 317.3703 0073612 252.2972 107.0089 14.83152931272689
CUTE-1 (CO-55)
1 27844U 03031E   26223.53246522  .00000140  00000+0  79370-4 0  9990
2 27844  98.6759 231.4001 0010199  31.5036 328.6752 14.24365387199555
CUBESAT XI-IV (CO-57)
1 27848U 03031J   26223.47850275  .00000111  00000+0  67646-4 0  9994
2 27848  98.6792 231.0150 0010386  49.0630 311.1446 14.23646418199248
MOZHAETS 4 (RS22)
1 27939U 03042A   26223.83883169  .00000568  00000+0  95566-4 0  9993
2 27939  98.3482  49.7792 0012574  91.3983  33.4958 14.73555690223741
CUBESAT XI-V
1 28895U 05043F   26223.23273699  .00000571  00000+0  97591-4 0  9997
2 28895  98.3051  20.0352 0014661  35.8092 324.4094 14.72760938109853
CUTE-1.7+APD II (CO-65)
1 32785U 08021C   26223.85769478  .00001927  00000+0  12304-3 0  9996
2 32785  97.8321 206.4685 0008282 187.3625 172.7483 15.09911068993597
SEEDS II (CO-66)
1 32791U 08021J   26223.52906250  .00008143  00000+0  24610-3 0  9998
2 32791  97.7541 224.1527 0004946 106.2548 253.9238 15.34506701995770
YUBILEINY (RS30)
1 32953U 08025A   26223.78931417 -.00000037  00000+0 -33883-3 0  9991
2 32953  82.5076 320.8579 0019652 186.9948 173.0861 12.43181562826605
KKS-1 (KISEKI)
1 33499U 09002H   26223.84636909  .00000580  00000+0  77727-4 0  9995
2 33499  98.1159 147.1684 0009244 106.4382 253.7847 14.83246145944446
SWISSCUBE
1 35932U 09051B   26223.72175061  .00000433  00000+0  95108-4 0  9997
2 35932  98.3975 132.5651 0007872  47.1424 313.0437 14.62574069897272
BEESAT-1
1 35933U 09051C   26223.69192900  .00000353  00000+0  80568-4 0  9990
2 35933  98.3901 132.0531 0006506  60.8941 299.2910 14.61797962897294
ITUPSAT1
1 35935U 09051E   26223.73154522  .00000324  00000+0  76900-4 0  9998
2 35935  98.3984 131.2254 0008766  69.3304 290.8835 14.60512083896848
XIWANG-1 (HOPE-1)
1 36122U 09072B   26223.79921745 -.00000371  00000+0 -85648-3 0  9997
2 36122 100.4055 176.7514 0008138 105.0640 255.1374 13.16439101800327
O/OREOS (USA 219)
1 37224U 10062C   26223.71005098  .00000865  00000+0  87112-4 0  9993
2 37224  71.9711 314.5490 0015851 314.3572  45.6299 14.93941198124930
JUGNU
1 37839U 11058B   26223.64387932  .00000343  00000+0  39649-4 0  9996
2 37839  19.9618 331.5041 0018596 329.4866 160.6509 14.13789914766889
STRAND-1
1 39090U 13009E   26223.75284690  .00000115  00000+0  52895-4 0  9999
2 39090  98.3953  42.6301 0009805  68.2265 291.9965 14.37192004705045
ZACUBE-1 (TSHEPISOSAT)
1 39417U 13066B   26223.85921719  .00002539  00000+0  19737-3 0  9995
2 39417  97.7998 186.4591 0042953  66.1003 294.4713 15.01502413689081
GOMX-1
1 39430U 13066Q   26223.81491771  .00000915  00000+0  14414-3 0  9999
2 39430  97.6459  60.7709 0126724 258.7128  99.9816 14.69598733678081
CUBEBUG-2 (LO-74)
1 39440U 13066AA  26223.85546934  .00001130  00000+0  10818-3 0  9990
2 39440  97.8934 173.0940 0056418 201.2723 158.6151 14.94102296685304
FUNCUBE-1 (AO-73)
1 39444U 13066AE  26223.85950911  .00004254  00000+0  26073-3 0  9998
2 39444  97.8322 196.5090 0036351  17.4774 342.7696 15.10181257688061
UWE-3
1 39446U 13066AG  26223.82070072  .00001891  00000+0  16416-3 0  9992
2 39446  97.8735 180.2943 0049955 132.7377 227.8065 14.97336754685903
UNISAT-6
1 40012U 14033C   26223.86612808  .00001218  00000+0  13505-3 0  9990
2 40012  97.7946  15.6294 0043524 243.9634 115.7098 14.88470331654440
DUCHIFAT-1
1 40021U 14033M   26223.17113356  .00140594  00000+0  75916-3 0  9993
2 40021  98.0373 290.6491 0006034 214.8821 145.2049 15.79713336664386
QB50P1
1 40025U 14033R   26223.76020127  .00003728  00000+0  18155-3 0  9994
2 40025  98.0972 238.8380 0009712  45.0914 315.1105 15.19036762661461
LILACSAT-2
1 40908U 15049K   26223.83730502  .00010428  00000+0  16729-3 0  9995
2 40908  97.4610 262.8497 0007956  61.5169 298.6884 15.53228032604380
FOX-1A (AO-85)
1 40967U 15058D   26223.88536543  .00001612  00000+0  15121-3 0  9994
2 40967  64.7734 105.8527 0134674  35.4893 325.5085 14.91264320121873
CAS-2T & KS-1Q
1 41847U 16066G   26223.78281490  .00000208  00000+0  39238-4 0  9995
2 41847  98.3793 298.8832 0340543 321.0405  36.6687 14.44803115512824
RADFXSAT (FOX-1B)
1 43017U 17073E   26223.89219615  .00004640  00000+0  19983-3 0  9995
2 43017  97.4628  89.9720 0149774 135.6745 225.6595 15.13424085473811
DIWATA-2B
1 43678U 18084H   26223.85015880  .00000963  00000+0  81290-4 0  9990
2 43678  98.1212  62.5058 0010846 352.4886   7.6173 15.00643875424568
FOX-1CLIFF (AO-95)
1 43770U 18099N   26223.70292602  .00005485  00000+0  20462-3 0  9999
2 43770  97.4348 283.7740 0009697 143.6435 216.5465 15.27791183421691
ITASAT
1 43786U 18099AE  26223.86967587  .00003308  00000+0  15790-3 0  9994
2 43786  97.3991 274.2811 0013350 151.4029 208.7941 15.19676302421364
JY1SAT (JO-97)
1 43803U 18099AX  26223.71949630  .00008522  00000+0  25055-3 0  9995
2 43803  97.4097 286.7994 0006980  80.9508 279.2525 15.35328361422146
UWE-4
1 43880U 18111E   26223.74912154  .00017692  00000+0  32288-3 0  9993
2 43880  97.5834 154.8381 0009826 113.4995 246.7289 15.49439560419376
TIANYAN 01
1 44881U 19093C   26223.84535644  .00000403  00000+0  51402-4 0  9993
2 44881  97.7505 294.7120 0011958 264.0967  95.8886 14.86595338359680
RS-44 & BREEZE-KM R/B
1 44909U 19096E   26223.74735855  .00000020  00000+0  34850-4 0  9995
2 44909  82.5232 302.7925 0217658  14.7805 345.9525 12.79748748309453
XW-3 (CAS-9)
1 50466U 21131B   26223.86670713  .00000063  00000+0  33229-4 0  9993
2 50466  98.4984 315.9553 0002963 300.2830  59.8065 14.41401293243137
GREENCUBE (IO-117)
1 53109U 22080E   26223.59085311 -.00000003  00000+0  00000+0 0  9999
2 53109  70.1320 278.9799 0009172 277.2634  82.6983  6.42583572 95624
UMKA 1 (RS40S)
1 57172U 23091G   26223.81232065  .00002880  00000+0  13148-3 0  9996
2 57172  97.5013 282.3044 0010804 286.9514  73.0537 15.21374785172468
CUBESX-HSE 3 (RS42S)
1 57178U 23091N   26223.82788116  .00006542  00000+0  21104-3 0  9996
2 57178  97.5058 290.1572 0008777 249.2899 110.7402 15.32466795172948
MONITOR-3 (RS58S)
1 57180U 23091Q   26223.84908755  .00005250  00000+0  18995-3 0  9993
2 57180  97.5048 287.7311 0009589 260.0500  99.9657 15.28828585172792
MONITOR-4 (RS57S)
1 57182U 23091S   26223.82497816  .00005157  00000+0  18613-3 0  9997
2 57182  97.5042 287.6810 0009587 260.4684  99.5473 15.28919358172797
MONITOR-2 (RS39S)
1 57184U 23091U   26223.83959223  .00002456  00000+0  11934-3 0  9993
2 57184  97.5034 281.7667 0009283 279.8518  80.1669 15.19360071172401
SVYATOBOR 1 (RS60S)
1 57187U 23091X   26223.82330480  .00004453  00000+0  16851-3 0  9995
2 57187  97.5055 287.9690 0007566 251.4370 108.6047 15.27451578172807
VIZARD-METEO (RS38S)
1 57189U 23091Z   26223.81640872  .00008961  00000+0  24467-3 0  9995
2 57189  97.5060 294.4715 0006088 217.7543 142.3275 15.37641368173236
POLYTECH-UNIVERSE 3 (R*)
1 57191U 23091AB  26223.85905238  .00002409  00000+0  11628-3 0  9998
2 57191  97.5011 281.2905 0013633 298.1126  61.8730 15.19576647172400
UTMN 2 (RS27S)
1 57203U 23091AP  26223.81575626  .00006562  00000+0  20649-3 0  9999
2 57203  97.5055 291.8456 0006511 230.3207 129.7461 15.33277591173065
KUZGTU 1 (RS47S)
1 57217U 23091AV  26223.87032852  .00006023  00000+0  20354-3 0  9994
2 57217  97.5030 288.9512 0008912 254.3777 105.6481 15.30998219172897
SONATE-2
1 59112U 24043Q   26223.72245315  .00025969  00000+0  28809-3 0  9995
2 59112  97.5578  17.7255 0004997   3.5981 356.5312 15.62919526136554
MESAT1
1 60209U 24125G   26223.55452029  .00039357  00000+0  32829-3 0  9991
2 60209  97.2198  82.5433 0007448  23.6239 336.5364 15.69946821118234
GRBBETA
1 60237U 24128C   26223.83035007  .00001993  00000+0  14550-3 0  9995
2 60237  61.9904  20.9888 0033036 146.8685 213.4486 15.06981286114658
OOV-CUBE (TUBSAT-30)
1 60240U 24128F   26223.81140297  .00001133  00000+0  98355-4 0  9997
2 60240  61.9945  31.5824 0037303 146.4581 213.8883 15.02977108114476
COLIBRI-S (RS67S)
1 61746U 24199M   26223.81737383  .00013167  00000+0  23663-3 0  9994
2 61746  97.2908  98.2425 0009986  80.8734 279.3647 15.49937212146027
HORS 3 (RS81S)
1 61753U 24199U   26223.74944660  .00024163  00000+0  31305-3 0  9992
2 61753  97.2883 100.8282 0008126  82.7217 277.4963 15.58840661146201
HORS 4 (RS82S)
1 61754U 24199V   26223.83469286  .00039097  00000+0  39451-3 0  9991
2 61754  97.2822 102.5401 0007073  80.2444 279.9614 15.65240779146338
SIT-2086
1 61764U 24199AF  26223.85925135  .00025192  00000+0  34982-3 0  9999
2 61764  97.2840 101.2236 0008154  69.6121 290.6009 15.56972834143086
HYPERVIEW 1G (RS66S)
1 61772U 24199AP  26223.61405852  .00580422  16979-3  74099-3 0  9992
2 61772  97.2589 107.0348 0005991 153.9622 206.1963 16.07346139143465
ALTAIR (RS65S)
1 61779U 24199AW  26223.88792889  .00004432  00000+0  12053-3 0  9995
2 61779  97.2950  92.8863 0014357 103.8325 256.4519 15.37965967145675
ASRTU-1 (AO-123)
1 61781U 24199AY  26223.79831288  .00004249  00000+0  12150-3 0  9999
2 61781  97.2920  91.9734 0015417 106.9304 253.3632 15.36405958142465
SAMSAT-IONOSPHERE (RS7*)
1 61784U 24199BB  26223.66852977  .00029275  00000+0  32645-3 0  9993
2 61784  97.2846 101.0386 0009744  82.1936 278.0428 15.62714957146218
RTU MIREA 1 (RS51S)
1 61785U 24199BC  26223.73625764  .00042100  00000+0  38326-3 0  9998
2 61785  97.2828 102.2856 0009202  80.7547 279.4754 15.67774384143157
LASARSAT
1 62391U 24247Q   26223.59962250  .00017631  00000+0  31531-3 0  9996
2 62391  44.9741 310.0344 0009439 327.2494  32.7811 15.49774164 91902
CROCUBE
1 62394U 24247T   26223.26298294  .00020699  00000+0  33834-3 0  9999
2 62394  44.9714 308.2451 0009617 332.4790  27.5591 15.52205148 91898
TEVEL2-4
1 63213U 25052D   26223.63779212  .00008431  00000+0  23941-3 0  9998
2 63213  97.3826 120.1733 0000119 185.2496 174.8747 15.36446808 78621
TEVEL2-5
1 63214U 25052E   26223.66505353  .00008719  00000+0  24911-3 0  9992
2 63214  97.3823 120.1317 0000037  97.6094 262.5154 15.36242823 78624
TEVEL2-6
1 63215U 25052F   26223.67865910  .00008622  00000+0  24662-3 0  9998
2 63215  97.3829 120.1301 0000129  45.7650 314.3605 15.36208215 78622
TEVEL2-1
1 63217U 25052H   26223.66301755  .00008397  00000+0  24489-3 0  9997
2 63217  97.3801 119.6697 0000808 353.4678   6.6555 15.35607357 78600
TEVEL2-3
1 63218U 25052J   26223.65540631  .00008227  00000+0  23948-3 0  9996
2 63218  97.3806 119.6923 0000804  11.7470 348.3792 15.35675915 78602
TEVEL2-2
1 63219U 25052K   26223.66293160  .00008467  00000+0  24681-3 0  9991
2 63219  97.3805 119.6733 0000813 351.9713   8.1517 15.35620333 78600
OTP-2
1 63235U 25052AB  26223.69656161  .00003141  00000+0  12999-3 0  9999
2 63235  97.3792 115.3035 0005446 346.2209  13.8879 15.24666172 78327
TEVEL2-9
1 63237U 25052AD  26223.64927042  .00007770  00000+0  24233-3 0  9991
2 63237  97.3864 118.9086 0004132 323.3540  36.7419 15.33499789 78523
TEVEL2-7
1 63238U 25052AE  26223.70158282  .00007437  00000+0  23452-3 0  9993
2 63238  97.3865 118.8522 0004240 321.9267  38.1675 15.33163549 78521
TEVEL2-8
1 63239U 25052AF  26223.64507874  .00007609  00000+0  23999-3 0  9999
2 63239  97.3867 118.7707 0004243 324.8166  35.2795 15.33149704 78518
INNOSAT 16 (RS92S7)
1 64878U 25155C   26223.87974882  .00002995  00000+0  11923-3 0  9992
2 64878  97.4613 190.8677 0010164   1.3191 358.8072 15.26002485 89160
GEOSCAN 6 (RS92S6)
1 64879U 25155D   26223.87986072  .00005600  00000+0  18868-3 0  9998
2 64879  97.4601 192.7028 0007094 357.8273   2.2936 15.31139042 89285
GEOSCAN 1 (RS92S1)
1 64880U 25155E   26223.85890209  .00006237  00000+0  20546-3 0  9997
2 64880  97.4596 192.8818 0006975 358.5691   1.5529 15.31822648 89299
239ALFEROV (RS61S)
1 64881U 25155F   26223.87310660  .00008101  00000+0  24572-3 0  9993
2 64881  97.4593 193.6588 0006519 359.5854   0.5382 15.34365923 89349
GEOSCAN 2 (RS92S2)
1 64890U 25155Q   26223.84316803  .00006040  00000+0  19753-3 0  9990
2 64890  97.4595 193.0397 0005800 345.9021  14.2058 15.32074858 89300
GEOSCAN 5 (RS92S5)
1 64891U 25155R   26223.85103868  .00007820  00000+0  23513-3 0  9993
2 64891  97.4586 193.7944 0005738   8.2853 351.8483 15.34660627 89352
GEOSCAN 4 (RS92S4)
1 64892U 25155S   26223.89433769  .00007843  00000+0  23446-3 0  9994
2 64892  97.4591 193.9043 0005565   9.0623 351.0719 15.34844191 89368
GEOSCAN 3 (RS92S3)
1 64893U 25155T   26223.88179252  .00010521  00000+0  29099-3 0  9995
2 64893  97.4576 194.4963 0005462  11.6256 348.5113 15.37191245 89408
INNOSAT 3 (RS92S0)
1 64894U 25155U   26223.85274653  .00026882  00000+0  51795-3 0  9999
2 64894  97.4515 196.8607 0004213  31.4132 328.7369 15.47834783 89561
MARINA
1 69920U 26156BD  26223.68571319  .00001112  00000+0  11507-3 0  9992
2 69920  97.7492 123.5657 0008652  45.6547 314.5379 14.92048668  5271
CANX-2
1 32790U 08021H   26223.50926403  .00001737  00000+0  12376-3 0  9995
2 32790  97.8689 204.3909 0009230 209.4120 150.6587 15.05957949993130
TISAT 1
1 36799U 10035E   26223.80488383  .00010089  00000+0  31221-3 0  9999
2 36799  98.0724 175.3861 0004505  72.2374 287.9357 15.33701850876225
NEE-01 PEGASO
1 39151U 13018B   26223.39425787  .00000796  00000+0  80652-4 0  9998
2 39151  98.1294   9.4006 0012065 348.3765  11.7174 14.93894784718940
POPACS 2
1 39269U 13055E   26223.63615780  .00012340 -73516-6  20054-3 0  9997
2 39269  80.9892  80.6508 0410098  15.7789 345.5764 14.93115064671487
POPACS 3
1 39270U 13055F   26223.82578332  .00003209  00000+0  76474-4 0  9993
2 39270  81.0032 168.8016 0546271 260.2232  93.6892 14.57057070646659
WNISAT-1
1 39423U 13066H   26223.86469801  .00000273  00000+0  57990-4 0  9999
2 39423  97.7276   9.0905 0163994  56.8536 304.8278 14.58165707674844
TRITON-1
1 39427U 13066M   26223.80296557  .00001442  00000+0  17627-3 0  9994
2 39427  97.8191 132.3330 0091150  53.4637 307.4926 14.81900796682328
NEE-02 KRYSAOR
1 39441U 13066AB  26223.80103358  .00000724  00000+0  84673-4 0  9994
2 39441  97.8903 162.6325 0064262 246.8684 112.5751 14.86826215684465
NANOSATC-BR1
1 40024U 14033Q   26223.64695455  .00008062  00000+0  25478-3 0  9994
2 40024  98.0696 261.0149 0003112  26.1504 333.9892 15.33116140662475
QB50P2
1 40032U 14033Y   26223.56195703  .00003391  00000+0  18135-3 0  9997
2 40032  98.0781 223.9270 0007091   2.1864 357.9397 15.15823834661058
PERSEUS-M2
1 40037U 14033AD  26223.86164507  .00000426  00000+0  43782-4 0  9996
2 40037  97.9985 175.5516 0012853 111.7504 248.5086 14.95649363659105
PERSEUS-M1
1 40039U 14033AF  26223.82994792  .00000277  00000+0  30273-4 0  9996
2 40039  97.9666 168.8883 0012873 109.7165 250.5445 14.95785875658950
POLYITAN-1
1 40042U 14033AJ  26223.62136877  .00008253  00000+0  24506-3 0  9993
2 40042  98.0923 255.2031 0004919 326.1865  33.9061 15.35083518662099
TIGRISAT
1 40043U 14033AK  26223.35923046  .00000825  00000+0  10058-3 0  9990
2 40043  97.7901  12.1358 0047701 252.9971 106.6014 14.85320909653812
AEROCUBE 6A
1 40045U 14033AM  26223.45230381  .00002687  00000+0  22587-3 0  9994
2 40045  97.7263  29.8495 0038144 189.0636 170.9902 14.98587765654899
AEROCUBE 6B
1 40046U 14033AN  26223.40098792  .00003343  00000+0  26900-3 0  9991
2 40046  97.7216  29.6850 0039230 174.1859 185.9827 15.00065200655038
CANX-4
1 40055U 14034C   26223.60924440  .00000367  00000+0  54311-4 0  9993
2 40055  98.3034 100.9369 0012437 186.9287 173.1755 14.81349482652735
CANX-5
1 40056U 14034D   26223.60702830  .00000368  00000+0  54377-4 0  9994
2 40056  98.3037 100.9815 0012427 187.1091 172.9946 14.81366941643547
UKUBE-1
1 40074U 14037F   26223.81871014  .00003941  00000+0  21942-3 0  9992
2 40074  98.4257 232.9762 0001809  46.7874 313.3506 15.14328857656975
AEROCUBE 5C
1 40965U 15058B   26223.88670839  .00001475  00000+0  13806-3 0  9994
2 40965  64.7653  89.2728 0134389  42.0330 319.0999 14.91745726373967
AEROCUBE 7
1 40966U 15058C   26223.85529620  .00001989  00000+0  16507-3 0  9994
2 40966  64.7612  70.3941 0124012  40.2663 320.7554 14.96144887374280
SINOD-D 1
1 40968U 15058E   26223.89342450  .00002119  00000+0  17433-3 0  9999
2 40968  64.7741  84.4061 0123330  31.7748 329.0731 14.96334610124990
SNAP-3 ALICE
1 40970U 15058G   26223.56137666  .00115282  00000+0  74981-3 0  9994
2 40970  64.7454 270.4555 0029472 337.3213  22.6635 15.74752891125568
LMRST-SAT
1 40971U 15058H   26223.85513325  .00001520  00000+0  14438-3 0  9997
2 40971  64.7741 102.3924 0136176  37.4551 323.5955 14.90867416121857
SNAP-3 EDDIE
1 40972U 15058J   26223.80780147  .00182444  00000+0  10080-2 0  9994
2 40972  64.7351 259.7433 0029535 338.5537  21.4378 15.78224199127756
PROPCUBE 3
1 40973U 15058K   26223.81935926  .00001734  00000+0  15037-3 0  9993
2 40973  64.7676  78.6712 0127869  38.5908 322.4260 14.94622544123116
BISONSAT
1 40974U 15058L   26223.80861513  .00004674  00000+0  22191-3 0  9998
2 40974  64.7601 353.6131 0083944  23.5019 336.9906 15.17477946124059
SNAP-3 JIMI
1 40975U 15058M   26223.82921806  .00002618  00000+0  18322-3 0  9990
2 40975  64.7641  43.6346 0109875  33.6785 327.1251 15.02915829122584
PROPCUBE 1 (FLORA)
1 40976U 15058N   26223.86146454  .00001502  00000+0  14859-3 0  9995
2 40976  64.7733 122.6531 0134661  39.7140 321.3736 14.89482530124559
SINOD-D 3
1 40977U 15058P   26223.85985612  .00002077  00000+0  18010-3 0  9993
2 40977  64.7718 101.9215 0123218  36.6969 324.2502 14.94400691123076
RAVAN
1 41849U 16067B   26223.68242119  .00033960  00000+0  41449-3 0  9999
2 41849  97.9792 119.8922 0006193 134.0086 226.1681 15.60378826536336
CELTEE 1
1 41850U 16067C   26223.57317214  .00002583  00000+0  12298-3 0  9995
2 41850  98.0593  93.9160 0002405  74.7067 285.4432 15.20168019534298
OPTICUBE 04
1 41851U 16067D   26223.55263080  .00001105  00000+0  72603-4 0  9991
2 41851  98.0643  78.7183 0014128 292.6569  67.3164 15.09863946533526
AEROCUBE 8D
1 41852U 16067E   26223.60901007  .00003532  00000+0  14446-3 0  9992
2 41852  98.0600  98.0033 0002188 330.6850  29.4262 15.25099149534510
AEROCUBE 8C
1 41853U 16067F   26223.62480875  .00003403  00000+0  13825-3 0  9997
2 41853  98.0474  95.1773 0004033 213.1285 146.9699 15.25353806534519
CORVUS BC2
1 42846U 17042X   26223.39236979  .00001968  00000+0  13683-3 0  9998
2 42846  97.4125  22.6268 0011468 284.4855  75.5100 15.06589393495371
CORVUS BC1
1 42847U 17042Y   26223.44737052  .00001640  00000+0  11422-3 0  9999
2 42847  97.4159  23.5295 0010241 256.9922 103.0163 15.06753388495414
MAKERSAT 0
1 43016U 17073D   26223.72718024  .00011950  00000+0  30589-3 0  9991
2 43016  97.4537 106.7240 0104641  75.5678 285.7149 15.34027217474974
SIRION PATHFINDER-2
1 43759U 18099B   26223.67100117  .00002277  00000+0  12541-3 0  9996
2 43759  97.4219 271.4134 0010426 105.6703 254.5680 15.14966709421026
CORVUS BC4
1 43767U 18099K   26223.62121131  .00001812  00000+0  10653-3 0  9995
2 43767  97.4037 264.9817 0008847 158.1894 201.9716 15.12882248420787
M2 PATHFINDER
1 45727U 20037E   26223.50447061  .00000668  00000+0  51718-4 0  9994
2 45727  97.8139  55.3679 0010762 333.3150  26.7521 15.04891791333819
NETSAT-4
1 46504U 20068U   26223.57421336  .00008976  00000+0  18851-3 0  9996
2 46504  97.8609 236.3430 0007232 114.2727 245.9277 15.45590179324325
NETSAT-3
1 46505U 20068V   26223.75136223  .00008914  00000+0  19456-3 0  9999
2 46505  97.8661 234.6859 0006811 126.2504 233.9373 15.44460032324257
NETSAT-1
1 46506U 20068W   26223.53675919  .00005817  00000+0  16949-3 0  9999
2 46506  97.8765 228.1076 0005447 151.4252 208.7289 15.35813942323792
NETSAT-2
1 46507U 20068X   26223.85159742  .00012620  00000+0  24127-3 0  9993
2 46507  97.8619 236.7639 0005513 130.7785 229.3943 15.48235164324342
SITRO-AIS 5 (KATYS)
1 57176U 23091L   26223.85557429  .00005976  00000+0  20453-3 0  9994
2 57176  97.5026 288.3183 0009212 262.1894  97.8300 15.30590667172858
SITRO-AIS 6 (CHIRKIN)
1 57192U 23091AC  26223.83553438  .00004919  00000+0  18903-3 0  9999
2 57192  97.5032 287.1133 0009510 268.4774  91.5375 15.26868113172775
SITRO-AIS 8 (ANOKHIN)
1 57193U 23091AD  26223.83653497  .00006967  00000+0  21750-3 0  9995
2 57193  97.5022 290.1238 0008344 255.0448 104.9870 15.33493528172972
SITRO-AIS 7 (FARTUSHNIY)
1 57194U 23091AE  26223.85051909  .00004869  00000+0  18905-3 0  9995
2 57194  97.5028 286.9229 0009435 269.9076  90.1081 15.26531513172761
SITRO-AIS 10 (BURDAEV)
1 57199U 23091AK  26223.81848405  .00010812  00000+0  26796-3 0  9993
2 57199  97.5050 295.7598 0005455 216.4809 143.6066 15.40565131173326
SITRO-AIS 9 (SHCHUKIN)
1 57201U 23091AM  26223.86350407  .00009911  00000+0  25029-3 0  9998
2 57201  97.5047 295.4900 0005668 217.6413 142.4437 15.40017324173314
SITRO-AIS 12 (SMIRENNIY)
1 57204U 23091AQ  26223.84345916  .00010908  00000+0  27250-3 0  9994
2 57204  97.5061 295.9721 0005523 210.1953 149.8976 15.40319557173330
SITRO-AIS 11 (SHEFFER)
1 57208U 23091AU  26223.84073213  .00011055  00000+0  27189-3 0  9991
2 57208  97.5060 296.2528 0005484 209.5999 150.4937 15.40793686173356
SITRO-AIS 25
1 59066U 24039R   26223.84719633  .00001929  00000+0  14986-3 0  9991
2 59066  95.3871 273.3352 0145622 132.7867 228.5714 14.93819127133034
SITRO-AIS 26
1 59067U 24039S   26223.85633583  .00001740  00000+0  13616-3 0  9992
2 59067  95.3871 273.2275 0145943 133.4138 227.9346 14.93603635133021
SITRO-AIS 27
1 59068U 24039T   26223.87774983  .00002572  00000+0  19811-3 0  9992
2 59068  95.3870 273.5402 0145103 131.8373 229.5349 14.94033945133053
SITRO-AIS 28
1 59071U 24039U   26223.85392725  .00001825  00000+0  14128-3 0  9990
2 59071  95.3875 273.5742 0144898 131.7521 229.6200 14.94070747133051
ROBUSTA-3A (MEDITERRAN*)
1 60243U 24128J   26223.81894101  .00004463  00000+0  26556-3 0  9992
2 60243  61.9871  11.4109 0034005 139.8457 220.5161 15.12351007114833
FORESAIL-1 PRIME
1 66778U 25276DS  26223.72928580  .00001980  00000+0  97532-4 0  9999
2 66778  97.4170 295.9890 0000622 269.0376  91.0787 15.19122248 38838
PROBA-1
1 26958U 01049B   26223.82212830  .00001130  00000+0  76406-4 0  9996
2 26958  97.9620 234.3092 0053235 295.6741  63.8994 15.07715687352006
APRIZESAT 4
1 35684U 09041D   26223.75227362  .00000338  00000+0  46922-4 0  9999
2 35684  98.1383 300.1727 0044169 140.0631 220.3845 14.83949710919604
APRIZESAT 3
1 35686U 09041F   26223.87012209  .00000344  00000+0  35280-4 0  9998
2 35686  98.2140  19.7912 0060157 242.7420 116.7664 14.96367654924707
PROBA-2
1 36037U 09059B   26223.74200096  .00000067  00000+0  26054-4 0  9998
2 36037  98.2473  46.3326 0014525 107.5519 252.7266 14.54883414889606
APRIZESAT 5
1 37792U 11044E   26223.80935253  .00000315  00000+0  47086-4 0  9995
2 37792  98.2451 158.4309 0051959 182.0696 178.0309 14.81162862807024
APRIZESAT 6
1 37793U 11044F   26223.70007079  .00000263  00000+0  44767-4 0  9996
2 37793  98.2307 135.3225 0041615 268.3594 154.0518 14.76989717805348
PROBA-V
1 39159U 13021A   26223.85470544  .00000015  00000+0  24561-4 0  9993
2 39159  98.3642 199.7274 0003761 348.2170  11.8921 14.23607728689030
APRIZESAT 7
1 39416U 13066A   26223.83258044  .00000633  00000+0  67839-4 0  9996
2 39416  97.7745 176.2667 0036539  29.1438 331.1809 14.91678432689522
APRIZESAT 8
1 39425U 13066K   26223.83238463  .00000430  00000+0  52315-4 0  9997
2 39425  97.8248 170.5347 0047351 102.3640 258.2883 14.87735889687946
BUGSAT-1 (TITA)
1 40014U 14033E   26223.81470499  .00002174  00000+0  11583-3 0  9991
2 40014  98.0426 319.6380 0027401 353.5644   6.5231 15.16112278664269
SAUDISAT 4
1 40016U 14033G   26223.84438853  .00000256  00000+0  40629-4 0  9997
2 40016  97.7659   8.0805 0043338 251.6383 108.0114 14.79601353654308
APRIZESAT 9
1 40018U 14033J   26223.86288216  .00000178  00000+0  33735-4 0  9990
2 40018  97.9131 355.7230 0066516  22.5231 337.8874 14.74279858651769
APRIZESAT 10
1 40019U 14033K   26223.84033631  .00000227  00000+0  43345-4 0  9991
2 40019  97.9713 349.5779 0080125  96.0492 264.9853 14.70941531650432
TECHDEMOSAT-1 (TDS-1)
1 40076U 14037H   26223.88535639  .00003828  00000+0  21500-3 0  9995
2 40076  98.3846 221.6621 0007981  83.2649 276.9488 15.14016612656653
TECHNOSAT
1 42829U 17042E   26223.42960645  .00001403  00000+0  10220-3 0  9995
2 42829  97.4353  19.0170 0015842 264.5778  95.3642 15.05237263495017
HAWK-A
1 43765U 18099H   26223.72920044  .00003534  00000+0  14075-3 0  9999
2 43765  97.3877 275.2508 0036053  90.2309 270.3061 15.25292133421567
HAWK-B
1 43794U 18099AN  26223.68675138  .00003409  00000+0  14409-3 0  9999
2 43794  97.3924 274.5057 0033378 107.9662 252.5218 15.23405114421488
HAWK-C
1 43799U 18099AT  26223.70859774  .00004401  00000+0  15551-3 0  9999
2 43799  97.3854 276.4212 0041504  89.2837 271.3158 15.28896056422392
HAWK-2C
1 47502U 21006CT  26223.69388516  .00003448  00000+0  10291-3 0  9992
2 47502  97.2248 266.9082 0006987  18.6687 341.4812 15.35277347308010
HAWK-2A
1 47505U 21006CW  26223.69535231  .00003686  00000+0  10964-3 0  9994
2 47505  97.2288 267.6209 0006605  23.8695 336.2854 15.35336651308012
HAWK-2B
1 47508U 21006CZ  26223.68663278  .00003495  00000+0  10365-3 0  9992
2 47508  97.2159 265.8575 0006969  20.6349 339.5175 15.35463270308012
HAWK-3B
1 48931U 21059BE  26223.51818777  .00026969  00000+0  18915-3 0  9999
2 48931  97.6605  65.6496 0005668 116.1669 244.0178 15.74165429286546
HAWK-3C
1 48948U 21059BX  26223.51785955  .00026892  00000+0  18855-3 0  9996
2 48948  97.6721  71.4278 0006033 115.7064 244.4823 15.74170254286540
HAWK-3A
1 48957U 21059CG  26223.51773863  .00026060  00000+0  18280-3 0  9990
2 48957  97.6666  68.5887 0005831 116.7106 243.4755 15.74167913286545
HAWK-5C
1 52754U 22057Y   26223.48167617  .00008812  00000+0  14217-3 0  9990
2 52754  97.6640  26.8102 0003189 208.9124 151.1952 15.53167900234924
HAWK-5B
1 52756U 22057AA  26223.48151466  .00008975  00000+0  14474-3 0  9992
2 52756  97.6652  25.1684 0004087 204.7224 155.3833 15.53167164234925
HAWK-5A
1 52757U 22057AB  26223.41687116  .00009355  00000+0  15080-3 0  9999
2 52757  97.6649  25.9282 0003877 207.4825 152.6223 15.53168345234911
HAWK-6B
1 55324U 23011A   26223.84911950  .00002349  00000+0  10489-3 0  9990
2 55324  40.4989  27.3009 0001702  54.5957 305.5011 15.23352520196336
HAWK-6C
1 55326U 23011C   26223.78291564  .00002419  00000+0  10776-3 0  9994
2 55326  40.4984  24.5193 0002121  38.4560 321.6400 15.23356422196339
HAWK-6A
1 55327U 23011D   26223.84851370  .00002490  00000+0  11069-3 0  9994
2 55327  40.4990  25.7665 0002019  33.4021 326.6916 15.23355364196349
HAWK-7A
1 56191U 23054P   26223.65710377  .00002877  00000+0  10838-3 0  9993
2 56191  97.2619 109.5806 0002898 160.3955 199.7396 15.27875505185499
HAWK-7B
1 56193U 23054R   26223.65703757  .00002867  00000+0  10803-3 0  9990
2 56193  97.2645 107.8639 0001841 151.6221 208.5119 15.27874670185495
HAWK-7C
1 56200U 23054Y   26223.72239803  .00002811  00000+0  10598-3 0  9993
2 56200  97.2622 108.6792 0002450 149.3074 210.8310 15.27875346185507
SAUDISAT 2
1 28371U 04025F   26223.87290911  .00000106  00000+0  34582-4 0  9996
2 28371  98.5543 225.3027 0025740 124.1355 236.2289 14.56710826173853
SAUDISAT 3
1 31118U 07012B   26223.88391669  .00000089  00000+0  22638-4 0  9990
2 31118  98.1491 174.3316 0015768  53.6994 306.5666 14.71453947 35933
SAR-LUPE 2
1 31797U 07030A   26223.85424123  .00017804  00000+0  24151-3 0  9996
2 31797  98.1068 335.5516 0007533 206.0260 154.0616 15.57703160 65585
SAPPHIRE
1 39088U 13009C   26223.79413021  .00000026  00000+0  24139-4 0  9993
2 39088  98.4293  41.9398 0012419  84.2845 275.9756 14.35253609704557
PRAETORIAN SDA_602
1 65565U 25203A   26223.76445345  .00000030  00000+0  15987-4 0  9998
2 65565  81.3058 319.3232 0006785  54.1331 306.0455 13.83890886 46388
PRAETORIAN SDA_603
1 65566U 25203B   26223.79128356  .00000171  00000+0  14364-3 0  9995
2 65566  81.3063 319.2185 0010345  47.6054 312.5977 13.83963222 46394
PRAETORIAN SDA_604
1 65567U 25203C   26223.77466223  .00000034  00000+0  19779-4 0  9996
2 65567  81.3080 319.7338 0006391  58.8385 301.3397 13.83053737 46366
PRAETORIAN SDA_605
1 65568U 25203D   26223.80370138  .00000036  00000+0  22148-4 0  9996
2 65568  81.3045 319.3309 0008924  46.7363 313.4536 13.83202934 46384
PRAETORIAN SDA_606
1 65569U 25203E   26223.78889558  .00000034  00000+0  19822-4 0  9998
2 65569  81.3081 319.5934 0006861  52.3897 307.7881 13.83201745 46371
PRAETORIAN SDA_607
1 65570U 25203F   26223.76811544  .00000138  00000+0  11361-3 0  9992
2 65570  81.3067 319.2039 0009648  48.0354 312.1622 13.83759999 46390
PRAETORIAN SDA_608
1 65571U 25203G   26223.74942378  .00000025  00000+0  11883-4 0  9996
2 65571  81.3034 319.3732 0006857  56.8664 303.3149 13.83821963 46371
PRAETORIAN SDA_609
1 65572U 25203H   26223.73860841  .00000168  00000+0  14019-3 0  9991
2 65572  81.3076 319.3567 0007590  50.2441 309.9384 13.84213758 46382
PRAETORIAN SDA_610
1 65573U 25203J   26223.73711043  .00000027  00000+0  14070-4 0  9993
2 65573  81.3036 319.3608 0007553  55.3118 304.8749 13.83531460 46371
PRAETORIAN SDA_611
1 65574U 25203K   26223.75037161  .00000294  00000+0  25708-3 0  9993
2 65574  81.3045 319.5393 0006572  61.4604 298.7213 13.83312556 46362
PRAETORIAN SDA_612
1 65575U 25203L   26223.74285623  .00000085  00000+0  64371-4 0  9999
2 65575  81.3056 318.9967 0010029  47.3106 312.8894 13.85043839 46402
PRAETORIAN SDA_613
1 65576U 25203M   26223.77891713  .00000029  00000+0  15308-4 0  9990
2 65576  81.3026 319.5534 0006415  51.9422 308.2312 13.82770321 46362
PRAETORIAN SDA_614
1 65577U 25203N   26223.74254497  .00000045  00000+0  29457-4 0  9998
2 65577  81.3040 319.0885 0007822  47.9946 312.1876 13.84781437 46408
PRAETORIAN SDA_615
1 65578U 25203P   26223.80536911  .00000153  00000+0  12560-3 0  9996
2 65578  81.3049 319.0290 0009676  46.7286 313.4676 13.84440136 46401
PRAETORIAN SDA_616
1 65579U 25203Q   26223.75122191  .00000109  00000+0  88439-4 0  9992
2 65579  81.3091 319.7213 0006403  59.4836 300.6952 13.83272255 46362
PRAETORIAN SDA_617
1 65580U 25203R   26223.77755697  .00000027  00000+0  14039-4 0  9993
2 65580  81.3064 319.5230 0008099  48.0832 312.1014 13.83154584 46376
PRAETORIAN SDA_618
1 65581U 25203S   26223.77695684  .00000081  00000+0  61617-4 0  9997
2 65581  81.3049 318.9963 0010500  49.5854 310.6217 13.84227034 46400
PRAETORIAN SDA_619
1 65582U 25203T   26223.76064139  .00000113  00000+0  91274-4 0  9990
2 65582  81.3072 319.3651 0008943  47.5302 312.6609 13.83727609 47017
PRAETORIAN SDA_620
1 65583U 25203U   26223.73509071  .00000128  00000+0  10622-3 0  9990
2 65583  81.3057 319.4420 0008157  46.1190 314.0638 13.83210075 46373
PRAETORIAN SDA_621
1 65584U 25203V   26223.76227772  .00000028  00000+0  14141-4 0  9999
2 65584  81.3048 319.2882 0007984  43.1326 317.0455 13.83807381 46382
PRAETORIAN SDA_601
1 65585U 25203W   26223.75836730  .00000086  00000+0  67892-4 0  9994
2 65585  81.3075 319.6516 0006522  62.5161 297.6658 13.83172887 46362
VICTUS HAZE PUMA
1 69646U 26142A   26223.80878020  .00001736  00000+0  81156-4 0  9995
2 69646  97.3800 120.7849 0009125 183.3360 176.7816 15.21067825  8126
CALSPHERE 1
1 00900U 64063C   26223.85589440  .00000355  00000+0  35141-3 0  9995
2 00900  90.2184  73.0674 0027381 120.7117   6.5451 13.76675181 79082
CALSPHERE 2
1 00902U 64063E   26223.86061167  .00000044  00000+0  52999-4 0  9995
2 00902  90.2306  77.1149 0020503  67.9972 305.4054 13.52904308863791
LCS 1
1 01361U 65034C   26223.81044573  .00000007  00000+0 -22408-3 0  9992
2 01361  32.1443  44.9513 0012048 318.6406  41.3179  9.89310629215391
TEMPSAT 1
1 01512U 65065E   26223.75708681  .00000031  00000+0  42535-4 0  9994
2 01512  89.9997 212.5965 0071766  92.5358  80.7411 13.33596820967453
CALSPHERE 4A
1 01520U 65065H   26223.70794793  .00000054  00000+0  86254-4 0  9998
2 01520  89.8964 121.9389 0068557 308.3271 105.7022 13.36286845970124
OPS 5712 (P/L 160)
1 02826U 67053A   26223.81255898  .00002881  00000+0  40587-3 0  9995
2 02826  69.9149 261.8808 0004133 290.9006  69.1699 14.78359532 74455
OPS 5712 (P/L 153)
1 02874U 67053H   26223.76358819 -.00000040  00000+0  95789-5 0  9991
2 02874  69.9758 356.1798 0005300 139.3181 220.8321 13.96835541 14558
RIGIDSPHERE 2 (LCS 4)
1 05398U 71067E   26223.79480801  .00000294  00000+0  89161-4 0  9991
2 05398  87.6251 323.3747 0061448  50.0418 310.6156 14.37930766881876
COSMOS 2493 (SKRL-756 1)
1 39490U 13078A   26223.83524041  .00001812  00000+0  13453-3 0  9996
2 39490  82.4115 206.7327 0014500  60.1680 300.0984 15.02400452686317
COSMOS 2494 (SKRL-756 2)
1 39491U 13078B   26223.86551747  .00002318  00000+0  16035-3 0  9994
2 39491  82.4117 195.8590 0016820  21.7072 338.4863 15.05146827687188
