DMSP 5D-3 F16 (USA 172)
1 28054U 03048A   26223.85625507 -.00000029  00000+0  85746-5 0  9993
2 28054  98.9886 248.0498 0006928 359.1356 174.3344 14.14486207177357
DMSP 5D-3 F17 (USA 191)
1 29522U 06050A   26223.89006617  .00000014  00000+0  29764-4 0  9999
2 29522  98.7406 229.3263 0008907 255.6759 104.3426 14.15000242 20300
FENGYUN 3A
1 32958U 08026A   26223.79957248  .00000008  00000+0  24548-4 0  9993
2 32958  98.6896 163.5963 0008244 335.4038  24.6744 14.19581173943296
DMSP 5D-3 F18 (USA 210)
1 35951U 09057A   26223.86471525  .00000154  00000+0  10272-3 0  9991
2 35951  98.9091 204.5264 0012281  92.3124 267.9456 14.14925561867467
FENGYUN 3B
1 37214U 10059A   26223.82305611 -.00000245  00000+0 -10342-3 0  9998
2 37214  98.9594 270.0623 0022693  31.5422  56.8383 14.14851102815297
SUOMI NPP
1 37849U 11061A   26223.88337067  .00000023  00000+0  31757-4 0  9998
2 37849  98.7965 164.3830 0002211 135.0154 225.1201 14.19527320766340
METOP-B
1 38771U 12049A   26223.86865654  .00000037  00000+0  36498-4 0  9998
2 38771  98.6466 274.2460 0002583 157.8056 202.3234 14.21452389721175
FENGYUN 3C
1 39260U 13052A   26223.87569568  .00000031  00000+0  37131-4 0  9992
2 39260  98.5034 195.2078 0013787 219.7435 140.2730 14.15765769666444
METEOR-M 2
1 40069U 14037A   26223.89422244  .00000140  00000+0  83342-4 0  9992
2 40069  98.5160 197.6735 0004732 228.2582 131.8192 14.21476286627239
SENTINEL-3A
1 41335U 16011A   26223.82952159  .00000028  00000+0  29650-4 0  9996
2 41335  98.6213 290.4033 0001079  87.7196 272.4108 14.26736838545997
CYGFM05
1 41884U 16078A   26223.48201424  .00012723  00000+0  15825-3 0  9995
2 41884  34.9553 253.7776 0006075 302.2719  57.7418 15.59027240537388
CYGFM04
1 41885U 16078B   26223.33159090  .00017759  00000+0  17743-3 0  9996
2 41885  34.9299 219.4857 0003881 338.9638  21.0928 15.64620653537634
CYGFM02
1 41886U 16078C   26223.34399309  .00022596  00000+0  19501-3 0  9996
2 41886  34.9381 212.1631 0004267 342.9177  17.1406 15.68208752537823
CYGFM01
1 41887U 16078D   26223.44509424  .00013107  00000+0  15829-3 0  9996
2 41887  34.9384 254.6075 0005948 296.0591  63.9521 15.59793517537337
CYGFM08
1 41888U 16078E   26223.36653448  .00016410  00000+0  17563-3 0  9991
2 41888  34.9411 233.1394 0006095 328.6007  31.4354 15.62877555537606
CYGFM07
1 41890U 16078G   26223.38589843  .00017127  00000+0  18254-3 0  9997
2 41890  34.9425 221.3005 0004444 340.5969  19.4587 15.62989331537631
CYGFM03
1 41891U 16078H   26223.42123639  .00016879  00000+0  18001-3 0  9993
2 41891  34.9380 222.9878 0004477 323.2843  36.7576 15.62974939537618
FENGYUN 3D
1 43010U 17072A   26223.89271582 -.00000043  00000+0  14086-5 0  9993
2 43010  99.0172 199.3350 0000422 228.7208 131.3931 14.19749255452891
SENTINEL-3B
1 43437U 18039A   26223.80265929  .00000032  00000+0  31356-4 0  9994
2 43437  98.6212 290.5263 0001630 104.5740 255.5622 14.26736812432050
METOP-C
1 43689U 18087A   26223.81490969  .00000032  00000+0  34599-4 0  9993
2 43689  98.6605 282.3897 0001560  60.3652 299.7681 14.21508710402736
METEOR-M2 2
1 44387U 19038A   26223.87936888  .00000079  00000+0  53887-4 0  9999
2 44387  98.9187 211.9987 0000912 156.3047 203.8173 14.24378813369222
ARKTIKA-M 1
1 47719U 21016A   26206.87236863 -.00000386  00000+0  00000+0 0  9993
2 47719  63.2598  51.9767 7301001 270.1217  14.4714  2.00607275 39563
FENGYUN 3E
1 49008U 21062A   26223.87048563 -.00000297  00000+0 -11919-3 0  9991
2 49008  98.7520 226.6635 0000746 332.5012  27.6125 14.19906947264484
NOAA 21 (JPSS-2)
1 54234U 22150A   26223.78773319  .00000006  00000+0  23295-4 0  9998
2 54234  98.7066 161.6442 0002703  56.0141 304.1291 14.19544863194435
TIANMU-1 03
1 55973U 23039A   26223.83471751  .00007936  00000+0  14986-3 0  9992
2 55973  97.5249  40.0547 0001503 231.3125 128.7991 15.48737298189440
TIANMU-1 04
1 55974U 23039B   26223.80177811  .00008276  00000+0  15270-3 0  9995
2 55974  97.5188  39.1802 0002202 232.3040 127.8011 15.49388340189455
TIANMU-1 05
1 55975U 23039C   26223.81824727  .00007580  00000+0  14363-3 0  9991
2 55975  97.5234  39.6322 0001044 270.0840  90.0291 15.48657296189426
TIANMU-1 06
1 55976U 23039D   26223.80887774  .00008119  00000+0  15042-3 0  9996
2 55976  97.5241  40.3152 0001528 263.2933  96.8144 15.49276342189453
FENGYUN 3G
1 56232U 23055A   26223.82102723  .00011664  00000+0  19446-3 0  9997
2 56232  49.9922  59.1272 0012228 244.3177 115.6528 15.52339079188654
METEOR-M2 3
1 57166U 23091A   26223.88663392 -.00000024  00000+0  82194-5 0  9995
2 57166  98.6044 277.7135 0004240  25.1127 335.0257 14.24050601162443
TIANMU-1 07
1 57399U 23101A   26223.88382906  .00003111  00000+0  10841-3 0  9991
2 57399  97.2560 273.2827 0000987 346.3198  13.8016 15.30386607170166
TIANMU-1 08
1 57400U 23101B   26223.85035896  .00003102  00000+0  10810-3 0  9990
2 57400  97.2547 273.0125 0001895 291.1677  68.9361 15.30387079170158
TIANMU-1 09
1 57401U 23101C   26223.83228788  .00003238  00000+0  11256-3 0  9998
2 57401  97.2505 272.3829 0001558 338.6659  21.4517 15.30438595170156
TIANMU-1 10
1 57402U 23101D   26223.86629483  .00003246  00000+0  11289-3 0  9994
2 57402  97.2585 273.5234 0002798 312.1371  47.9632 15.30412158170151
FENGYUN 3F
1 57490U 23111A   26223.85302500  .00000006  00000+0  23196-4 0  9991
2 57490  98.6802 292.8146 0000789  88.4099 271.7168 14.19947043156763
ARKTIKA-M 2
1 58584U 23198A   26219.10521235  .00000136  00000+0  00000+0 0  9990
2 58584  63.2149 148.6536 6917746 267.2755  18.7218  2.00601182 19348
TIANMU-1 11
1 58645U 23205A   26223.87568377  .00002768  00000+0  10551-3 0  9993
2 58645  97.3443 244.5759 0009486 155.5966 204.5724 15.27497303146028
TIANMU-1 12
1 58646U 23205B   26223.85376295  .00002910  00000+0  11192-3 0  9999
2 58646  97.3434 244.2842 0008747 141.1818 219.0051 15.27162634146003
TIANMU-1 13
1 58647U 23205C   26219.82288950  .00002956  00000+0  11372-3 0  9992
2 58647  97.3466 240.6093 0007728 134.9782 225.2085 15.27154962145386
TIANMU-1 14
1 58648U 23205D   26219.41346978  .00003186  00000+0  12213-3 0  9994
2 58648  97.3403 239.3480 0008427 141.3650 218.8193 15.27208256145324
TIANMU-1 19
1 58660U 23208A   26223.87206198  .00004046  00000+0  13205-3 0  9993
2 58660  97.4544 340.4997 0006435 113.6453 246.5464 15.32349484145854
TIANMU-1 20
1 58661U 23208B   26223.86667756  .00004105  00000+0  12899-3 0  9998
2 58661  97.4488 341.1879 0008446 121.1191 239.0881 15.33541431145954
TIANMU-1 21
1 58662U 23208C   26223.89884876  .00004900  00000+0  14203-3 0  9990
2 58662  97.4550 344.1494 0008470 114.5582 245.6545 15.36001769146115
TIANMU-1 22
1 58663U 23208D   26223.87379782  .00003895  00000+0  12954-3 0  9997
2 58663  97.4540 340.3880 0004938 129.7178 230.4500 15.31768051145858
TIANMU-1 15
1 58700U 24004A   26223.86573619  .00002769  00000+0  10676-3 0  9996
2 58700  97.4671  50.0657 0008416 131.8857 228.3101 15.27158619144271
TIANMU-1 16
1 58701U 24004B   26223.85332961  .00002655  00000+0  10216-3 0  9993
2 58701  97.4621  49.2552 0006789 143.2125 216.9581 15.27262070144279
TIANMU-1 17
1 58702U 24004C   26223.83886896  .00002846  00000+0  10936-3 0  9994
2 58702  97.4647  49.7457 0006213 146.7733 213.3897 15.27258203144265
TIANMU-1 18
1 58703U 24004D   26223.88207725  .00002714  00000+0  10469-3 0  9993
2 58703  97.4665  50.0542 0006141 129.9371 230.2408 15.27166563144271
METEOR-M2 4
1 59051U 24039A   26223.89418356 -.00000019  00000+0  11309-4 0  9995
2 59051  98.7061 182.5037 0007425  18.0518 342.0922 14.22434571127184
METOP-SGA1
1 65159U 25172A   26223.77869699  .00000012  00000+0  25163-4 0  9992
2 65159  98.6602 282.4005 0001292  81.3105 278.8219 14.21506125 51686
FENGYUN 3H
1 65815U 25219A   26223.85013439 -.00000006  00000+0  17377-4 0  9997
2 65815  98.6779 163.5405 0000745  87.3977 272.7284 14.19928443 45280
SCD 1
1 22490U 93009B   26223.46003824  .00000295  00000+0  30001-4 0  9993
2 22490  24.9685 226.2968 0041924   3.4248 154.1067 14.46138557769122
TECHSAT 1B (GO-32)
1 25397U 98043D   26223.55616481  .00000016  00000+0  27318-4 0  9992
2 25397  99.0114 217.7221 0002316  72.2830 287.8601 14.24437713459217
SCD 2
1 25504U 98060A   26223.88773714  .00000272  00000+0  25263-4 0  9991
2 25504  24.9954  88.6489 0016695 352.4741 111.2245 14.45542891468396
DLR-TUBSAT
1 25757U 99029B   26223.88769219  .00000000  00000+0  11869-4 0  9998
2 25757  98.6738 221.2352 0014214 176.0574 184.0735 14.52438665441335
MAROC-TUBSAT
1 27004U 01056D   26223.77692394 -.00000034  00000+0  14822-4 0  9995
2 27004  99.8119  41.6948 0019861   3.0966   9.9748 13.70264486233807
SHIYAN-1 (SY-1)
1 28220U 04012A   26223.80941581  .00006966  00000+0  20717-3 0  9998
2 28220  97.8673 305.5404 0005976 168.4277 191.7103 15.35079779219624
IRS-P5 (CARTOSAT-1)
1 28649U 05017A   26223.77587972  .00000447  00000+0  50297-4 0  9990
2 28649  97.5307 244.3207 0001041 127.5427 232.5887 14.91175424152100
SINAH 1
1 28893U 05043D   26223.81837500  .00000109  00000+0  30088-4 0  9991
2 28893  98.2931 358.4897 0015747 101.5520 258.7451 14.64191803108666
RESURS-DK 1
1 29228U 06021A   26223.88890771  .00000765  00000+0  48852-4 0  9993
2 29228  69.9312 195.3407 0006889 246.2158 113.8286 15.13406579111006
ARIRANG-2 (KOMPSAT-2)
1 29268U 06031A   26223.84339214  .00000234  00000+0  52328-4 0  9998
2 29268  97.8324  45.6051 0012952 256.5653 216.9924 14.64689369 69626
LAPAN-TUBSAT
1 29709U 07001A   26223.80720030 -.00000154  00000+0 -10995-4 0  9999
2 29709  98.1373 224.2950 0012546  11.4287 348.7210 14.85998430 59410
HAIYANG-1B
1 31113U 07010A   26223.87091190  .00000023  00000+0  24380-4 0  9992
2 31113  98.3548 203.5697 0014414  40.7498 319.4761 14.31039055  8602
COSMO-SKYMED 1
1 31598U 07023A   26223.80586437  .00001323  00000+0  11920-3 0  9998
2 31598  97.8842  56.1383 0001462  99.8731 260.2655 14.97323710 38118
TERRASAR-X
1 31698U 07026A   26222.53307678  .00000090  00000+0  74644-5 0  9993
2 31698  97.4474 229.4688 0001596  90.5512 269.5906 15.19145371 61478
WORLDVIEW-1 (WV-1)
1 32060U 07041A   26223.82339940  .00002919  00000+0  12235-3 0  9992
2 32060  97.3832 342.7808 0001576 114.7101 245.4300 15.24299187 51351
YAOGAN-3
1 32289U 07055A   26223.83351797  .00001175  00000+0  12465-3 0  9993
2 32289  97.8141 253.1617 0001401  94.0047 266.1331 14.90966897 14164
COSMO-SKYMED 2
1 32376U 07059A   26223.85724358  .00000147  00000+0  25050-4 0  9996
2 32376  97.8906  46.6549 0001510  90.6664 269.4722 14.82155278 10257
RADARSAT-2
1 32382U 07061A   26223.87457141 -.00000177  00000+0 -51617-4 0  9994
2 32382  98.5800 230.0155 0001290  84.1503 275.9826 14.29980019973910
CARTOSAT-2A
1 32783U 08021A   26223.85115208  .00000168  00000+0  29281-4 0  9999
2 32783  97.7603 270.6496 0010412 294.7003  65.3125 14.79300188987034
HUANJING 1A (HJ-1A)
1 33320U 08041A   26223.85906179  .00001037  00000+0  13015-3 0  9997
2 33320  97.6724 207.5613 0017981 320.2419  39.7477 14.84107226966664
HUANJING 1B (HJ-1B)
1 33321U 08041B   26223.85381693  .00000612  00000+0  80081-4 0  9992
2 33321  97.6559 210.5575 0036544   3.3423 356.8029 14.83413015966663
GEOEYE 1
1 33331U 08042A   26223.82926022  .00000163  00000+0  39602-4 0  9996
2 33331  98.1305 297.0975 0003437 231.1491 128.9405 14.64669238958299
THEOS
1 33396U 08049A   26223.84018177  .00000030  00000+0  34096-4 0  9994
2 33396  98.5541 279.3050 0001181  93.7372 266.3940 14.20139639925864
COSMO-SKYMED 3
1 33412U 08054A   26223.84736642  .00001291  00000+0  89741-4 0  9990
2 33412  97.8220  83.3360 0017310  78.3775 281.9393 15.07261330965323
YAOGAN-4
1 33446U 08061A   26223.82208755  .00000366  00000+0  51238-4 0  9994
2 33446  97.9303 156.9254 0012774 247.4876 112.4985 14.83294745953918
GOSAT (IBUKI)
1 33492U 09002A   26223.84321284  .00000257  00000+0  53804-4 0  9996
2 33492  98.0930 334.2383 0001221 106.3236 253.8102 14.67537471939620
DEIMOS-1
1 35681U 09041A   26223.87133882  .00000531  00000+0  85486-4 0  9995
2 35681  97.7465  18.7074 0002234  51.7338 308.4073 14.75288664915098
DUBAISAT-1
1 35682U 09041B   26223.84527817  .00000362  00000+0  61033-4 0  9992
2 35682  98.0121 356.5175 0009073 249.2862 110.7375 14.75204642913306
OCEANSAT-2
1 35931U 09051A   26223.88716366  .00000238  00000+0  18818-3 0  9997
2 35931  98.2383 205.1834 0018095  77.4368 282.8821 13.99670784887128
WORLDVIEW-2 (WV-2)
1 35946U 09055A   26223.83235588  .00000028  00000+0  23613-4 0  9991
2 35946  98.4734 296.5209 0005409  64.8279 295.3468 14.37913171883644
SMOS
1 36036U 09059A   26223.57824420  .00000132  00000+0  56088-4 0  9994
2 36036  98.4436  50.1039 0001399  95.5146 264.6202 14.39749040881420
YAOGAN-7
1 36110U 09069A   26223.66915222  .00000164  00000+0  29975-4 0  9999
2 36110  97.9985 109.1725 0023595 217.8540 142.1012 14.78055589897823
TANDEM-X
1 36605U 10030A   26222.46720890  .00000080  00000+0  70097-5 0  9999
2 36605  97.4473 229.4058 0001910  89.3837 270.7616 15.19145371894888
CARTOSAT-2B
1 36795U 10035A   26223.82943209  .00000129  00000+0  24719-4 0  9999
2 36795  97.9923 274.0111 0011805  18.3080 341.8553 14.78640207868079
YAOGAN-10
1 36834U 10038A   26223.86037647  .00000796  00000+0  98485-4 0  9991
2 36834  97.8975 246.8223 0001500  82.7372 354.5834 14.85500697865470
COSMO-SKYMED 4
1 37216U 10060A   26223.80240005  .00000438  00000+0  61603-4 0  9994
2 37216  97.8903  46.6028 0001450  83.4529 276.6849 14.82156171852805
RESOURCESAT-2
1 37387U 11015A   26223.83223691  .00000003  00000+0  21553-4 0  9997
2 37387  98.7608 290.8785 0012481  97.2583 263.0013 14.21604501794084
HAIYANG-2A
1 37781U 11043A   26223.18591954  .00000227  00000+0  29505-3 0  9996
2 37781  99.3421 224.5602 0001112 203.3826 156.7272 13.72465510754208
RASAT
1 37791U 11044D   26223.87132537  .00000290  00000+0  58672-4 0  9990
2 37791  98.0574 314.4179 0021079  19.5328 114.8073 14.68214017801353
SRMSAT
1 37841U 11058D   26223.86110080  .00000322  00000+0  31244-4 0  9991
2 37841  19.9721  82.4800 0011780  96.8096   4.1947 14.11585929765694
PLEIADES 1A
1 38012U 11076F   26223.84469970  .00000001  00000+0  99405-5 0  9993
2 38012  98.1954 298.1907 0001172  73.7911  62.8697 14.58559163780108
ZIYUAN 1-02C (ZY 1-02C)
1 38038U 11079A   26223.87582190  .00000048  00000+0  30036-4 0  9992
2 38038  98.4044 290.0108 0007290 133.2350 315.6304 14.38253026767217
ARIRANG-3 (KOMPSAT-3)
1 38338U 12025B   26223.87117771  .00000164  00000+0  41722-4 0  9999
2 38338  98.1218 180.3837 0004267 311.2515  48.8319 14.62249129759489
EXACTVIEW-1 (ADS-1B)
1 38709U 12039C   26223.85129303  .00000022  00000+0  29226-4 0  9996
2 38709  98.9831 342.5133 0011045  17.0551 343.0996 14.24998620730636
SPOT 6
1 38755U 12047A   26223.83420611 -.00000068  00000+0 -47681-5 0  9998
2 38755  98.2091 290.4802 0001323  98.5422 261.5927 14.58550390741164
PLEIADES 1B
1 39019U 12068A   26223.85288861 -.00000065  00000+0 -42591-5 0  9998
2 39019  98.1925 298.1278 0001133  77.0784 283.0541 14.58546355728967
GOKTURK 2
1 39030U 12073A   26223.82216575 -.00000034  00000+0  18762-5 0  9995
2 39030  97.6805  58.4635 0001801 103.7232 256.4179 14.75588330732719
LANDSAT 8
1 39084U 13008A   26223.78471579  .00000130  00000+0  39010-4 0  9999
2 39084  98.2266 293.2490 0001273  93.6874 266.4470 14.57109153705993
SARAL
1 39086U 13009A   26223.83445734  .00000037  00000+0  29706-4 0  9999
2 39086  98.5564  49.7014 0002924 110.9096 249.2402 14.32901192703570
GAOFEN-1
1 39150U 13018A   26223.83574361  .00000455  00000+0  72382-4 0  9992
2 39150  97.9068 294.7618 0018430  87.0010 273.3309 14.76545541716450
VNREDSAT 1
1 39160U 13021B   26223.82742524 -.00000010  00000+0  66033-5 0  9999
2 39160  97.9049 275.0953 0001659  81.1042 279.0349 14.64719287708432
ARIRANG-5 (KOMPSAT-5)
1 39227U 13042A   26223.10204712  .00000678  00000+0  52773-4 0  9993
2 39227  97.6218  49.0345 0002394 341.7723  18.3417 15.04477596712112
SKYSAT-A
1 39418U 13066C   26223.67505258  .00001556  00000+0  90627-4 0  9998
2 39418  97.3778 271.3013 0022831 120.2414 240.1082 15.13247261696870
DUBAISAT-2
1 39419U 13066D   26223.85399534  .00001860  00000+0  11651-3 0  9994
2 39419  97.4598 212.5658 0010253 193.3385 166.7576 15.10534223694791
SENTINEL-1A
1 39634U 14016A   26223.90938520 -.00000067  00000+0 -45338-5 0  9990
2 39634  98.1586 230.5866 0001389  83.4185 276.7173 14.59479177658145
KAZEOSAT 1
1 39731U 14024A   26223.80797378 -.00000030  00000+0  39623-5 0  9999
2 39731  98.3180 294.8602 0001176  91.7207 268.4118 14.42045322646571
ALOS-2
1 39766U 14029A   26223.86864483  .00000361  00000+0  55204-4 0  9998
2 39766  97.9228 320.2362 0001538  90.5910 269.5477 14.79471817659817
KAZEOSAT 2
1 40010U 14033A   26223.80123134  .00000253  00000+0  35098-4 0  9991
2 40010  97.5389  60.4721 0009615 127.9679 232.2407 14.85528565657210
HODOYOSHI-4
1 40011U 14033B   26223.84118880  .00000193  00000+0  26434-4 0  9995
2 40011  97.5468  45.9880 0024761 118.9113 241.4592 14.88245645657085
DEIMOS-2
1 40013U 14033D   26223.84786786  .00000434  00000+0  46015-4 0  9998
2 40013  97.5748  96.3631 0001928 100.7230 259.4207 14.93854498646034
HODOYOSHI-3
1 40015U 14033F   26223.42157714  .00000613  00000+0  76379-4 0  9992
2 40015  97.6480  24.2619 0033053 170.1341 190.0531 14.85492229655822
SPOT 7
1 40053U 14034A   26223.86231674 -.00000044  00000+0  25843-6 0  9992
2 40053  98.0598 284.9084 0001644  82.4741 277.6647 14.60999135645268
SKYSAT-B
1 40072U 14037D   26223.86785448  .00000546  00000+0  65913-4 0  9995
2 40072  98.3884 186.0254 0006983  95.7617 264.4394 14.88147764654245
WORLDVIEW-3 (WV-3)
1 40115U 14048A   26223.82197360  .00000322  00000+0  43934-4 0  9992
2 40115  97.8534 297.8795 0002778 111.9683 248.1827 14.85100175650161
GAOFEN-2
1 40118U 14049A   26223.85094859 -.00000226  00000+0 -22252-4 0  9993
2 40118  98.0079 287.9943 0008587  58.4214 301.7835 14.80959275647478
YAOGAN-21
1 40143U 14053A   26223.67606852  .00003195  00000+0  12299-3 0  9993
2 40143  97.1446 261.5455 0005993 251.2288 108.8301 15.27050443663420
YAOGAN-22
1 40275U 14063A   26223.85501777 -.00000041  00000+0  15519-4 0  9997
2 40275 100.7805  16.0719 0006836  68.0466 292.1372 13.15532385567132
ASNARO
1 40298U 14070A   26223.86739929  .00003569  00000+0  17020-3 0  9998
2 40298  97.3428 298.4749 0002907  15.0773 345.0548 15.19715711652462
YAOGAN-24
1 40310U 14072A   26223.86936531  .00000295  00000+0  50327-4 0  9994
2 40310  98.1554   1.6929 0015842  86.4691 273.8329 14.76148929631930
CBERS 4
1 40336U 14079A   26223.86820522 -.00000166  00000+0 -43180-4 0  9999
2 40336  98.3501 278.9411 0000939 123.2188 236.9089 14.35521018611940
YAOGAN-26
1 40362U 14088A   26223.90408970  .00007404  00000+0  13631-3 0  9999
2 40362  97.0665 222.8981 0004030 163.4034 196.7350 15.49452078646327
SMAP
1 40376U 15003A   26223.87463395  .00000172  00000+0  42329-4 0  9992
2 40376  98.1301 230.1856 0001370  90.7003 269.4356 14.63349296615766
KOMPSAT-3A
1 40536U 15014A   26223.88878983  .00017511  00000+0  23054-3 0  9994
2 40536  97.6903 219.4572 0050295 335.3219  24.5629 15.56977522630478
SENTINEL-2A
1 40697U 15028A   26223.80910172  .00000016  00000+0  22621-4 0  9998
2 40697  98.5662 297.8624 0001330  88.6849 271.4486 14.30820634581683
GAOFEN-8
1 40701U 15030A   26223.84720169  .00010252  00000+0  19886-3 0  9997
2 40701  97.6883  60.6377 0008116   4.5654 355.5668 15.47851344620057
CARBONITE 1 (CBNT-1)
1 40718U 15032D   26223.82223639  .00000386  00000+0  52671-4 0  9992
2 40718  97.6538  39.5755 0015790 109.3983 250.8940 14.83740629597596
YAOGAN-27
1 40878U 15040A   26223.90379407 -.00000309  00000+0 -70318-3 0  9996
2 40878 100.1201 207.8789 0008979  85.5601 274.6539 13.16072732524990
GAOFEN-9 01
1 40894U 15047A   26223.86463955  .00000411  00000+0  56648-4 0  9991
2 40894  97.6252 257.0245 0026191 319.9203  40.0078 14.82977701588443
YAOGAN-28
1 41026U 15064A   26223.86483917  .00003559  00000+0  13261-3 0  9997
2 41026  97.3143   1.0403 0010247   2.8240 357.3056 15.28058294599185
YAOGAN-29
1 41038U 15069A   26223.83820338  .00000192  00000+0  30172-4 0  9995
2 41038  98.0019 252.5537 0001548 144.4360 215.6956 14.83123834578870
KENT RIDGE 1
1 41167U 15077B   26223.62434786  .00002385  00000+0  66165-4 0  9999
2 41167  14.9786 213.6092 0008231 300.9754  58.9759 15.23421808589561
JASON-3
1 41240U 16002A   26223.84738956 -.00000048  00000+0  58093-4 0  9996
2 41240  66.0435   8.8128 0008163 268.1371  91.8713 12.87625879494416
ZIYUAN 3-02 (ZY 3-02)
1 41556U 16033A   26223.83541243  .00002715  00000+0  12403-3 0  9996
2 41556  97.3811 298.5299 0014553  98.4980 261.7906 15.21336770566443
CARTOSAT-2C
1 41599U 16040A   26223.84750924  .00001081  00000+0  54578-4 0  9995
2 41599  97.4449 283.0458 0007931 304.6568  55.3918 15.19205266562167
SKYSAT-C1
1 41601U 16040C   26223.62962804  .00004265  00000+0  11937-3 0  9995
2 41601  96.9543 252.3681 0003273 141.2018 218.9463 15.37141132566388
LAPAN-A3
1 41603U 16040E   26223.85999949  .00001792  00000+0  57730-4 0  9996
2 41603  97.1532 218.1999 0010467 164.9745 195.1811 15.33421322563349
GAOFEN-3
1 41727U 16049A   26223.86378546 -.00000113  00000+0 -21045-4 0  9995
2 41727  98.4034 230.8134 0001488  68.5279 291.6069 14.42220976526676
SKYSAT-C4
1 41771U 16058B   26223.61499223  .00008056  00000+0  14421-3 0  9994
2 41771  96.9158 243.1253 0003724  83.5566 276.6110 15.50213165554050
SKYSAT-C5
1 41772U 16058C   26223.67588597  .00003529  00000+0  10939-3 0  9994
2 41772  97.0441 261.7998 0004302 102.2049 257.9677 15.34039687552255
SKYSAT-C2
1 41773U 16058D   26223.78404124  .00005994  00000+0  13685-3 0  9999
2 41773  97.0159 243.8276 0003063 162.1549 197.9808 15.43223231553626
SKYSAT-C3
1 41774U 16058E   26223.59667608  .00011754  00000+0  17795-3 0  9994
2 41774  96.8983 252.3902 0003457 103.8876 256.2764 15.54797384554710
ALSAT-1B
1 41785U 16059C   26223.90143821 -.00000008  00000+0  61524-5 0  9990
2 41785  97.7771 230.2654 0010588  52.4051 307.8117 14.72311196528777
PATHFINDER 1
1 41787U 16059E   26223.56308012  .00000272  00000+0  55675-4 0  9990
2 41787  97.8200 220.3489 0029227  32.3881 327.9111 14.67722670527831
SCATSAT 1
1 41790U 16059H   26223.73551715  .00000570  00000+0  81407-4 0  9996
2 41790  98.1152 288.0653 0055766  69.6878 291.0313 14.79647926109806
GOKTURK 1A
1 41875U 16073A   26223.85749351 -.00000072  00000+0 -50607-5 0  9992
2 41875  98.1173 117.6395 0001425  81.5770 278.5593 14.62808203516968
RESOURCESAT-2A
1 41877U 16074A   26223.81363909  .00000093  00000+0  62355-4 0  9995
2 41877  98.7505 296.8542 0001011 286.1222  73.9844 14.21615188502206
CARTOSAT-2D
1 41948U 17008A   26223.81303843  .00002198  00000+0  10746-3 0  9997
2 41948  97.4076 282.0657 0005912  59.1112 301.0703 15.19254992526023
SENTINEL-2B
1 42063U 17013A   26223.80189880  .00000010  00000+0  20351-4 0  9999
2 42063  98.5671 297.7827 0001252  90.8515 269.2811 14.30821259492596
CARTOSAT-2E
1 42767U 17036C   26223.83092360  .00002518  00000+0  12284-3 0  9994
2 42767  97.4241 282.7021 0004451 108.4065 251.7654 15.19199489506596
FORMOSAT-5
1 42920U 17049A   26223.84408480  .00000026  00000+0  17729-4 0  9996
2 42920  98.2226 297.9092 0010156 272.1595  87.8437 14.50899629474746
SENTINEL-5P
1 42969U 17064A   26223.81516894  .00000000  00000+0  21155-4 0  9992
2 42969  98.7940 165.5553 0001312  86.9144 273.2182 14.19527043457454
SKYSAT-C11
1 42987U 17068A   26223.37475968  .00015292  00000+0  18561-3 0  9998
2 42987  97.4403  14.7473 0001737 121.5928 238.5498 15.60702750491849
SKYSAT-C10
1 42988U 17068B   26223.82918428  .00004673  00000+0  13765-3 0  9994
2 42988  97.4569   1.2778 0001729 100.5615 259.5823 15.35548610490897
SKYSAT-C9
1 42989U 17068C   26223.84492544  .00006533  00000+0  15125-3 0  9992
2 42989  97.4489   2.7747 0006585 298.9704  61.0883 15.42790282491331
SKYSAT-C8
1 42990U 17068D   26223.84474141  .00005336  00000+0  14522-3 0  9997
2 42990  97.4586   1.3092 0001498 107.9264 252.2144 15.37960993490860
SKYSAT-C7
1 42991U 17068E   26223.84019756  .00005228  00000+0  14259-3 0  9992
2 42991  97.4598   2.2980 0004226 263.0660  97.0104 15.37901905490922
SKYSAT-C6
1 42992U 17068F   26223.84770838  .00004462  00000+0  13777-3 0  9991
2 42992  97.4636   2.0250 0001896  44.2047 315.9347 15.34079715490857
CARTOSAT-2F
1 43111U 18004A   26223.33728848  .00000678  00000+0  35426-4 0  9995
2 43111  97.4758 282.4197 0002752  79.5536 280.6008 15.19205445475709
GAOFEN-1 02
1 43259U 18031A   26223.87069569  .00000271  00000+0  46325-4 0  9994
2 43259  98.0496 286.2293 0002756 162.3702 197.7604 14.76446071450917
GAOFEN-1 03
1 43260U 18031B   26223.84868359  .00000310  00000+0  51936-4 0  9995
2 43260  98.0482 286.0599 0001403 223.2600 136.8499 14.76449815450907
GAOFEN-1 04
1 43262U 18031D   26223.82436080  .00000451  00000+0  72143-4 0  9996
2 43262  98.0497 286.2335 0000840 122.4353 237.6937 14.76470123450895
GAOFEN-5 01
1 43461U 18043A   26223.89272545  .00000115  00000+0  33816-4 0  9992
2 43461  98.4625 196.6651 0000415 264.2265  95.8888 14.60639030439829
GAOFEN-6
1 43484U 18048A   26223.84796461 -.00000212  00000+0 -22928-4 0  9997
2 43484  98.0939 286.6104 0010695 359.6921   0.4280 14.76409335441607
GAOFEN-11 01
1 43585U 18063A   26223.86356177  .00006964  00000+0  98583-4 0  9992
2 43585  97.1251 290.6310 0005402 115.1588 245.0229 15.56799970449002
ICESAT-2
1 43613U 18070A   26223.81224750  .00004420  00000+0  16076-3 0  9999
2 43613  92.0080 306.0119 0000426 165.9954 194.1307 15.28220947440956
HYSIS
1 43719U 18096A   26223.83657779  .00000591  00000+0  87677-4 0  9998
2 43719  97.9811 290.1366 0001092  72.6976 287.4354 14.78656895415649
KAZSTSAT
1 43783U 18099AB  26223.80130245  .00000103  00000+0  12786-4 0  9991
2 43783  97.4246 253.2195 0009073 226.6240 133.4229 14.99972510419642
SAUDISAT 5A
1 43831U 18102A   26223.88296956  .00002719  00000+0  10047-3 0  9992
2 43831  97.3029 284.3963 0007808 301.4971  58.5506 15.28553942424186
SAUDISAT 5B
1 43833U 18102C   26223.82749388  .00002498  00000+0  91871-4 0  9999
2 43833  97.3140 287.5124 0008565 303.9343  56.1083 15.28784184424297
GAOFEN-10R
1 44622U 19066A   26223.88322922  .00000465  00000+0  63863-4 0  9995
2 44622  98.0538 177.8797 0004774 328.3852  31.7073 14.83108199370636
CARTOSAT-3
1 44804U 19081A   26223.81182242  .00001602  00000+0  78993-4 0  9990
2 44804  97.4274 284.7701 0010429 325.0428  35.0121 15.19335865371913
GAOFEN-12 01
1 44819U 19082A   26223.90654890  .00000160  00000+0  27563-4 0  9995
2 44819  97.8134 228.8223 0001269 127.9431 232.1896 14.80497785362333
CSG-1
1 44873U 19092A   26223.40997609  .00000155  00000+0  26080-4 0  9996
2 44873  97.8908  46.2199 0001510  90.2721 269.8665 14.82158624359659
NEMO-HD
1 46277U 20061F   26223.82503361  .00005510  00000+0  11623-3 0  9994
2 46277  97.1882 285.2430 0002074 125.0675 235.0769 15.45628618330572
SENTINEL-6A
1 46984U 20086A   26223.83169218 -.00000064  00000+0 -12506-4 0  9999
2 46984  66.0426  19.4752 0007764 269.0967  90.9159 12.80930469267457
CAS500-1
1 47932U 21022A   26223.81649494  .00003744  00000+0  17634-3 0  9993
2 47932  97.3825 117.9206 0007136  91.8326 268.3727 15.20109599299212
GAOFEN-12 02
1 48079U 21026A   26223.85601384  .00000148  00000+0  26340-4 0  9990
2 48079  97.9959 221.8193 0006126  62.8202 297.3634 14.80333909289990
PLEIADES NEO 3
1 48268U 21034A   26223.83237140  .00000083  00000+0  17153-4 0  9992
2 48268  97.8950 297.7984 0001457  95.7865 264.3514 14.81672660285899
PLEIADES NEO 4
1 49070U 21073E   26223.86612625 -.00000758  00000+0 -89762-4 0  9991
2 49070  97.8950 297.8277 0001437  92.0935 268.0443 14.81670193269616
LANDSAT 9
1 49260U 21088A   26223.75048490  .00000142  00000+0  41499-4 0  9999
2 49260  98.2246 293.2449 0001254 105.5154 254.6183 14.57111067259097
CSG-2
1 51444U 22008A   26223.84878569 -.00000267  00000+0 -27012-4 0  9992
2 51444  97.8902  46.6456 0001503  81.6993 278.4390 14.82146365244835
GAOFEN-12 03
1 52912U 22069A   26223.82750516 -.00000074  00000+0 -31153-5 0  9997
2 52912  97.8200 110.2755 0001471  45.4349 314.6983 14.80109631222845
SWOT
1 54754U 22173A   26223.79400590  .00000054  00000+0  38623-4 0  9993
2 54754  77.6127 320.2450 0000052  43.1695 316.9461 14.00171179186936
GAOFEN-12 04
1 57654U 23123A   26223.85270344  .00000417  00000+0  62234-4 0  9998
2 57654  97.9078 141.0279 0001441 336.3233  23.7912 14.79817512160866
PARS 1
1 59065U 24039Q   26223.90325160  .00006060  00000+0  12269-3 0  9998
2 59065  97.4864 206.6391 0006803 272.5699  87.4772 15.46804248137254
RESURS-P 4
1 59371U 24061A   26223.90264398  .00001563  00000+0  52347-4 0  9993
2 59371  97.2776 170.8503 0002163  52.4018 307.7421 15.32415994132295
LEGION 1
1 59625U 24081A   26223.83832832  .00001985  00000+0  10378-3 0  9998
2 59625  97.4995 301.1054 0009749 165.1606 194.9915 15.17004847125979
LEGION 2
1 59626U 24081B   26223.80310308  .00001927  00000+0  10081-3 0  9992
2 59626  97.4991 301.1666 0012570 137.6824 222.5381 15.16987873125970
ALOS-4 (DAICHI-4)
1 60182U 24123A   26223.82035624 -.00000057  00000+0 -80127-6 0  9991
2 60182  97.9220 320.1968 0001505  99.7811 260.3571 14.79464334114109
LEGION 3
1 60452U 24146A   26223.81930082  .00001615  00000+0  96685-4 0  9990
2 60452  45.0012  92.3027 0006958 146.7289 213.4027 15.15820922110465
LEGION 4
1 60453U 24146B   26223.88442175  .00002041  00000+0  11845-3 0  9997
2 60453  45.0004 183.8155 0011034 268.0469  91.9146 15.15838667109323
SENTINEL-2C
1 60989U 24157A   26223.83687477  .00000031  00000+0  28395-4 0  9990
2 60989  98.5663 297.8229 0001334 107.3280 252.8049 14.30821730100945
IONOSFERA-M 1
1 61735U 24199A   26223.89173983  .00000009  00000+0  23534-4 0  9999
2 61735  98.7087  96.4553 0001347  35.9709 324.1560 14.22763294135621
IONOSFERA-M 2
1 61736U 24199B   26223.85558458  .00000027  00000+0  31539-4 0  9994
2 61736  98.7086  96.3297 0001582 116.3743 243.7597 14.22766561138740
PRSC-EO1
1 62725U 25012A   26223.83913205  .00003185  00000+0  16168-3 0  9999
2 62725  97.4197 295.1987 0007136  78.5217 281.6818 15.17602213 86634
BIOMASS
1 63772U 25090A   26223.53660297  .00000375  00000+0  74545-4 0  9997
2 63772  98.0757  50.0529 0001508  88.5573 271.5804 14.67535972 68802
GOSAT-GW (IBUKI GW)
1 64694U 25141A   26223.82622073 -.00000089  00000+0 -72013-5 0  9993
2 64694  98.0580 160.2396 0001360  84.8555 275.2805 14.67553739 60008
IONOSFERA-M 3
1 64876U 25155A   26223.85275446  .00000004  00000+0  21493-4 0  9991
2 64876  98.6078 184.3686 0002465  70.4840 289.6604 14.21494700 54317
IONOSFERA-M 4
1 64877U 25155B   26223.88749924 -.00000010  00000+0  15172-4 0  9997
2 64877  98.6069 184.3193 0001824  71.0802 289.0573 14.21497188 54316
MICROCARB
1 64899U 25156A   26223.79216344  .00000235  00000+0  44461-4 0  9998
2 64899  98.0055 300.1030 0018793  87.5723 272.7636 14.72910869 56159
CO3D 3
1 64900U 25156B   26223.80788586  .00001086  00000+0  53278-4 0  9996
2 64900  97.4339 301.7010 0001032  72.8524 287.2824 15.20198576 57988
CO3D 4
1 64901U 25156C   26223.80804780  .00002048  00000+0  97683-4 0  9999
2 64901  97.4342 301.7012 0002581 102.7031 257.4493 15.20202625 57983
CO3D 2
1 64902U 25156D   26223.84052037  .00002138  00000+0  10188-3 0  9998
2 64902  97.4342 301.6320 0000959 104.5426 255.5916 15.20201204 57981
CO3D 1
1 64903U 25156E   26223.84066793  .00002099  00000+0  10007-3 0  9999
2 64903  97.4343 301.6322 0001174  94.4608 265.6761 15.20193952 57984
PRSC-S1
1 65055U 25164A   26223.74753303  .00002041  00000+0  14627-3 0  9995
2 65055  41.1319 334.8021 0006531   0.8350 359.2474 15.06846725 56812
SENTINEL-6B
1 66514U 25264A   26223.83203985 -.00000065  00000+0 -17877-4 0  9990
2 66514  66.0426  19.6008 0007783 267.9301  92.0823 12.80930489 34291
CAS500-3
1 66655U 25274F   26223.81388683  .00000653  00000+0  76513-4 0  9997
2 66655  97.7417 150.5955 0005740  60.1249 300.0538 14.88260511 38425
CSG-3
1 67304U 26001A   26223.08509033  .00000135  00000+0  23485-4 0  9996
2 67304  97.8907  45.8986 0001434  88.5754 271.5624 14.82156877 32596
PRSC-E03
1 68835U 26092A   26223.85470759  .00001270  00000+0  90637-4 0  9997
2 68835  38.0007 121.3531 0002719 109.7716 250.3339 15.06911968 16352
CAS500-2
1 69013U 26100AK  26223.69620682  .00002777  00000+0  13053-3 0  9999
2 69013  97.3817 120.4450 0009663 159.2357 200.9273 15.20375234 15245
BEIJING 1
1 28890U 05043A   26223.87037547  .00000246  00000+0  56804-4 0  9993
2 28890  98.2978 357.4149 0015842 105.9499 254.3449 14.63562277108791
UK-DMC 2
1 35683U 09041C   26223.87969042  .00000770  00000+0  11870-3 0  9992
2 35683  97.8900 357.5082 0001848  80.9014 279.2405 14.76105481914788
DMC3-FM1
1 40715U 15032A   26223.83380681 -.00000066  00000+0 -17008-5 0  9994
2 40715  97.6391  86.8079 0004312 219.9461 140.1438 14.85789276598172
DMC3-FM2
1 40716U 15032B   26223.85561270  .00000610  00000+0  76069-4 0  9996
2 40716  97.6444  88.4402 0004678 226.8082 133.2743 14.85799811598179
DMC3-FM3
1 40717U 15032C   26223.81200279  .00000161  00000+0  24417-4 0  9993
2 40717  97.6495  90.1862 0003828 225.7915 134.2987 14.85787880598179
OTB-3-GAZELLE
1 54023U 22127A   26223.89100605  .00000057  00000+0  30161-4 0  9998
2 54023  98.3991 214.7588 0013713  25.9428 334.2446 14.42692455202399
EOS-6 (OCEANSAT-3)
1 54361U 22158A   26223.82785492  .00000087  00000+0  35876-4 0  9994
2 54361  98.3551 321.2857 0001843 132.0841 228.0508 14.46996543195882
KINEIS-1B
1 60079U 24114A   26223.80402506  .00000319  00000+0  48290-4 0  9993
2 60079  97.9824 247.7242 0000882 282.5926  77.5187 14.80705183115631
KINEIS-1C
1 60081U 24114C   26223.83766610  .00000308  00000+0  46948-4 0  9994
2 60081  97.9847 247.6191 0001929  61.4727 298.6679 14.80702976115614
KINEIS-1D
1 60082U 24114D   26223.82295203  .00000267  00000+0  45817-4 0  9997
2 60082  97.9882 243.3548 0002330  56.2363 303.9068 14.76391310115330
KINEIS-1E
1 60083U 24114E   26223.85498152  .00000311  00000+0  47196-4 0  9991
2 60083  97.8946 246.3997 0003625  52.7452 307.4090 14.80734408115620
KINEIS-1A
1 60084U 24114F   26223.82108834  .00000304  00000+0  46295-4 0  9995
2 60084  97.8920 246.4504 0003261 342.6540  17.4561 14.80720289115626
KINEIS-3C
1 61220U 24172A   26223.80094046  .00000792  00000+0  13323-3 0  9995
2 61220  98.0424 313.1088 0001276  40.3216 319.8086 14.72287393101256
KINEIS-3D
1 61221U 24172B   26223.79425205  .00000784  00000+0  13188-3 0  9999
2 61221  98.0424 313.1119 0001133  47.0076 313.1226 14.72287948101532
KINEIS-3E
1 61222U 24172C   26223.77717970  .00000814  00000+0  13670-3 0  9991
2 61222  98.0420 313.0745 0001096  84.7059 275.4273 14.72287446101535
KINEIS-3A
1 61223U 24172D   26223.76059022  .00000779  00000+0  13115-3 0  9992
2 61223  98.0417 313.1552 0000538 252.5398 107.5750 14.72308012100953
KINEIS-3B
1 61224U 24172E   26223.81129840  .00000781  00000+0  13146-3 0  9992
2 61224  98.0411 313.2255 0000922 200.3713 159.7458 14.72286997101534
KINEIS-5C
1 62081U 24219A   26223.85609167  .00000269  00000+0  50201-4 0  9990
2 62081  97.9101  21.1816 0005539 102.2963 257.8865 14.72344666 91947
KINEIS-5D
1 62082U 24219B   26223.87912311  .00000398  00000+0  70292-4 0  9996
2 62082  97.9214  21.3179 0006449  95.3703 264.8241 14.72535712 91953
KINEIS-5E
1 62083U 24219C   26223.83278463  .00000250  00000+0  47180-4 0  9993
2 62083  97.9058  21.2379 0007845  89.5301 270.6806 14.72327408 91954
KINEIS-5A
1 62084U 24219D   26223.74275524  .00000722  00000+0  12160-3 0  9992
2 62084  97.8999  21.4105 0005666 121.9147 238.2612 14.72408326 91948
KINEIS-5B
1 62085U 24219E   26223.88561041  .00000478  00000+0  72703-4 0  9998
2 62085  98.0122  27.4174 0003325  93.4251 266.7340 14.78433891 92239
KINEIS-2C
1 62929U 25028B   26223.87095490  .00000691  00000+0  11427-3 0  9995
2 62929  98.1207 278.3192 0005240  93.4750 266.7057 14.73494950 80814
KINEIS-2D
1 62930U 25028C   26223.71809676  .00000687  00000+0  10753-3 0  9995
2 62930  97.9251 275.0888 0004027  48.3844 311.7710 14.75837175 80902
KINEIS-2E
1 62931U 25028D   26223.70573465  .00000598  00000+0  91655-4 0  9991
2 62931  97.8919 274.1506 0001553  77.2291 282.9093 14.77147743 80975
KINEIS-2A
1 62932U 25028E   26223.71232324  .00000540  00000+0  90998-4 0  9995
2 62932  98.1265 279.1868 0004340   9.8335 350.2957 14.73506171 80784
KINEIS-2B
1 62934U 25028G   26223.68976637  .00000570  00000+0  95362-4 0  9998
2 62934  97.9632 275.5377 0002957   0.9782 359.1432 14.73507195 80835
KINEIS-4E
1 63300U 25056A   26223.84141912  .00000669  00000+0  11326-3 0  9991
2 63300  97.9095 346.2118 0001635  37.5269 322.6052 14.72371054 75315
KINEIS-4C
1 63301U 25056B   26223.85408017  .00000709  00000+0  11976-3 0  9991
2 63301  97.9149 346.4907 0004729 132.6927 227.4680 14.72344133 75327
KINEIS-4D
1 63302U 25056C   26223.85855618  .00000695  00000+0  11770-3 0  9991
2 63302  97.9070 346.4384 0003472 138.0477 222.0997 14.72273318 75322
KINEIS-4A
1 63303U 25056D   26223.89262250  .00000674  00000+0  11416-3 0  9994
2 63303  97.9164 346.4577 0003117 104.2438 255.9116 14.72352749 75323
KINEIS-4B
1 63304U 25056E   26223.87543796  .00000686  00000+0  11602-3 0  9990
2 63304  97.9176 346.5021 0006933 115.3502 244.8424 14.72341519 75317
STARLETTE
1 07646U 75010A   26223.82819101 -.00000128  00000+0  10221-4 0  9992
2 07646  49.8234 244.9688 0205772 246.8732 111.0357 13.82351413602233
LAGEOS 1
1 08820U 76039A   26223.89906096 -.00000001  00000+0  00000+0 0  9995
2 08820 109.8091 198.3988 0044646 290.3170 248.3119  6.38664727916698
AJISAI (EGS)
1 16908U 86061A   26223.81179449 -.00000090  00000+0  54262-4 0  9995
2 16908  50.0119 336.3528 0011126 322.3806 213.1402 12.44516740487317
COSMOS 1989 (ETALON 1)
1 19751U 89001C   26222.40564905  .00000017  00000+0  00000+0 0  9994
2 19751  64.9788  70.3422 0023339 217.4395 312.5158  2.13155949292520
COSMOS 2024 (ETALON 2)
1 20026U 89039C   26223.84541042 -.00000044  00000+0  00000+0 0  9999
2 20026  64.8971 308.6173 0020835 212.2537 149.8160  2.13204535289693
LAGEOS 2
1 22195U 92070B   26223.51856970 -.00000009  00000+0  00000+0 0  9991
2 22195  52.6391 231.6906 0138009 211.5687 318.4399  6.47294104799004
STELLA
1 22824U 93061B   26223.86093387 -.00000033  00000+0  49828-5 0  9998
2 22824  98.7685 288.3015 0007471  77.4607  58.8990 14.27471768712714
LARETS
1 27944U 03042F   26223.82264350 -.00000009  00000+0  79204-5 0  9996
2 27944  98.4217  27.2137 0011450 218.2632 141.7758 14.63876952221500
LARES
1 38077U 12006A   26223.84395541 -.00000053  00000+0 -86077-4 0  9999
2 38077  69.4892 197.1786 0009702 334.3875  25.6670 12.54932395664055
LARES-2
1 53105U 22080A   26223.57636157  .00000003  00000+0  00000+0 0  9992
2 53105  70.1507 286.3298 0005608 323.0591  36.9866  6.38965134 95205
